"scenario","Year","ACCESS.ESM1.5","AWI.CM.1.1.MR","BCC.CSM2.MR","CanESM5","CNRM.CM6.1","CNRM.ESM2.1","EC.Earth3","GFDL.ESM4","GISS.E2.1.G","HadGEM3.GC31.LL","INM.CM5.0","IPSL.CM6A.LR","MIROC.ES2L","MIROC6","MPI.ESM1.2.HR","MPI.ESM1.2.LR","MRI.ESM2.0","NESM3","UKESM1.0.LL","ensemble"
"historical",1850,16.8,23,12,13.2,15.6,15.9,NA,14,14.3,15.1,17.1,11.1,18.3,20,14.1,12.2,14.8,9.8,12.8,9.8
"historical",1851,15.5,20.4,12.1,13.7,15,16.7,14.6,14.3,13.1,14.4,16.1,11.7,17.6,20.5,12.9,12.5,15.6,10.6,12.8,10.6
"historical",1852,16.1,21.3,11.6,13.6,14,16.2,14.7,13.8,11.8,15.1,15.5,12.5,17.7,18.8,13.5,12.2,15.2,10.4,13.2,10.4
"historical",1853,16,20.6,11.8,13.3,15.2,16,13.3,13,13.8,16.3,16.7,11.9,18.8,19.3,13.7,12.1,14.5,10.6,14.4,10.6
"historical",1854,15.6,20,13.4,13.5,14.1,17.4,11.6,13.6,13.8,15.5,16.3,11.9,18.1,19.7,13.2,12.3,14,10.2,14.1,10.2
"historical",1855,16.1,21.3,11.8,12.9,14.8,16.7,13.9,13.4,12.4,15.8,16.5,12.6,18.4,20.3,14.6,12.5,14.2,10.6,13.9,10.6
"historical",1856,16.4,19.5,12.5,13.6,15.2,16,11.6,12.9,13.4,14.2,16.1,12.4,18.5,19.8,14,12,15.1,11.3,14.5,11.3
"historical",1857,16.8,21.5,12.1,13.6,14.6,16.9,13.5,13.3,13.6,15.7,16.2,12.8,19.5,20.4,13.8,12.3,15.2,9.7,13.6,9.7
"historical",1858,16.4,21,11,13.1,15,16.5,13.2,13.6,12.8,15.1,16.6,12.4,18.7,20.8,13.9,12.7,15.9,10.6,14.4,10.6
"historical",1859,16,21.1,12.6,13.4,15.2,17,13.2,13.6,13.1,16.1,15.7,13.1,18.2,20.5,13.8,11.9,15.3,10.4,14.5,10.4
"historical",1860,16.5,21.5,13.3,13.8,14.8,16.9,12.2,14.2,14.5,15.3,16.9,13.5,18.9,19.8,13.3,11.9,15.1,10.2,13.9,10.2
"historical",1861,17,20.1,11.8,14.1,14.6,15.6,13.6,12.6,14.3,16.3,16.6,12.2,18,20.4,14.7,12.9,15.5,11.1,13.8,11.1
"historical",1862,16,19.3,11.7,12.9,15.2,16.8,14.1,13,13.6,15.3,16.2,12,18.3,18.9,13.6,12.1,15.8,11.4,14.4,11.4
"historical",1863,14.5,18.7,12.3,13.3,15,16.6,12.9,12.6,12.4,14.7,16.4,12.7,18.5,20.1,13.3,11.7,14.5,10.3,14,10.3
"historical",1864,16.1,20.8,13.5,13.2,14.8,17,13.8,13.7,13.8,14.9,16.5,12,17.8,19.7,13.7,11.7,14.9,10.5,14.3,10.5
"historical",1865,16.4,20.2,14.2,13.4,14.6,16.9,12.4,14.5,13.3,14.6,15.7,12.3,18.4,20.1,13.5,11.5,15.4,10.6,13.7,10.6
"historical",1866,16.2,19.9,12.8,13.5,14.5,16.3,12.3,14.2,13.2,15.1,16.7,12.2,18.8,20.2,13.6,11.8,15.3,9.9,13.9,9.9
"historical",1867,17.1,21,12.5,13.1,14.2,16.3,13.3,14,12.4,14.6,16.9,12.1,17.6,20.2,12.8,12,14.6,10.7,13.7,10.7
"historical",1868,16.6,21,12,13.7,15.1,16.3,14.3,12.7,13.1,13.9,16.1,11.6,18,20.5,13.2,11.7,15.1,11.3,14.5,11.3
"historical",1869,16.6,21.2,11.6,12.5,14.5,17.3,14.4,13.3,13.4,14.1,16.5,12.9,18.6,20.6,13.1,12.4,15,9.7,14.9,9.7
"historical",1870,17.1,20.4,11.4,13.3,15.9,16.7,13.6,14.9,13.9,15.6,16.2,13.1,18.7,21.1,13.5,12,15.7,10.5,13.5,10.5
"historical",1871,16.7,19.5,13,13.8,15,17,14.3,13.3,14.1,15.6,16.2,12.5,18,20.4,14.5,12,15.6,10.7,13.9,10.7
"historical",1872,15.8,20,13.3,13.3,14.4,17.5,14.9,13.5,11.9,13.6,16.4,13.2,18.1,20.6,14,12.5,14.6,11.5,13.9,11.5
"historical",1873,15.6,22,11.2,13.2,15,16.7,13.7,13.8,13.3,15.1,16.4,13.2,18.2,19.9,13.6,12.5,14.7,10,13.8,10
"historical",1874,16.4,21.8,10.2,13.6,15.5,16.4,13.1,13.5,14,14.6,16.3,13.2,17.5,20.6,13.7,11.5,15.1,11,14.3,10.2
"historical",1875,16.6,20.5,13.2,13.4,15.1,16.2,13.4,13.2,11.7,15.3,16.2,12.9,18.4,19.8,13.4,11.9,15.5,10.4,14.1,10.4
"historical",1876,16.4,20.9,11.4,13.9,14.6,16.5,13.1,12.9,12.6,14,16.3,11.4,18.9,20.2,13.9,11.7,14.9,10.4,14.5,10.4
"historical",1877,16.3,21.7,11.2,14.1,14.9,15.8,14.2,13.9,13.7,15.9,16.2,11.6,18.7,20.2,13.7,12.2,14.8,10.6,14.1,10.6
"historical",1878,15.7,20.6,11.4,13.1,14.8,17,13.9,13.8,13.2,15.1,16.5,12.9,18.4,20.6,13.5,11.9,14.5,10.5,14,10.5
"historical",1879,16.5,22.3,11.4,14,15.6,16.2,13.1,12.9,12.7,15,16.8,13.2,17.8,20.8,14.1,11.8,14.3,10.3,14.1,10.3
"historical",1880,16.7,20.1,11.6,13.2,15.8,16.1,13.1,13.7,12.4,14.5,16.3,12.2,17.8,19.9,14,11.9,15.2,10.9,14.8,10.9
"historical",1881,15.4,20.4,11.2,13.6,15.4,16.2,14.5,13.1,12.4,14.7,16.5,12,18.8,20.9,13.6,12.1,15.2,10.6,13.2,10.6
"historical",1882,16.7,20.6,13.4,13.5,13.9,16.6,13.5,13.9,12.6,14.9,16.8,11.8,19,20.4,13.8,12,15.1,10,12.9,10
"historical",1883,14.9,20.1,10,13.9,15.6,16.3,13.5,13.9,13.2,14.8,16.2,12.5,18.1,18.9,13.7,12.8,14.8,10.7,13.9,10
"historical",1884,15.9,19.9,10.7,13,14.5,16.6,11.8,14.3,12.3,15.1,15.4,11.7,18.2,19.3,12.9,10.8,15.1,8.9,13.4,8.9
"historical",1885,16.2,20.7,11.3,13.6,14.9,16.5,11.5,13.2,12,14.2,16.3,10.7,18.2,18.5,13.5,11.7,14.5,9.6,13.5,9.6
"historical",1886,16.3,21.5,12.5,13.4,14.8,15.4,12.2,13,13,14.8,16.8,12.7,18.2,19.9,13.1,11.4,15.6,10.7,13.7,10.7
"historical",1887,16,19.6,13,12.6,15.1,16.4,12,13.2,11.6,15.3,16.3,11.7,17.7,19.2,13.3,12,15.2,10.6,13.4,10.6
"historical",1888,15.4,20.7,13.2,13.1,14.6,16.1,12.4,12.8,13.7,15.3,15.7,12.3,19,20.7,14.1,11.1,15.2,10.6,14,10.6
"historical",1889,16.3,21.6,11.3,13.8,15.3,16.2,14,15.1,13.4,14.7,15.9,12.5,17.8,19.7,13.8,12.8,14.3,10,13.4,10
"historical",1890,15.9,21.2,11.8,12.1,15.2,16.6,12.7,14.2,11.6,15.4,15.5,12.1,17.2,20.7,13.4,12.6,14.9,10.1,13.7,10.1
"historical",1891,16.5,19.7,9.6,13.3,13.7,16.1,12.2,12.9,12.9,14.8,16,11.7,18.1,20.3,13.4,11.7,15,10.1,13,9.6
"historical",1892,15.8,22.5,13.2,13.6,14.6,16.1,12.7,13.7,13.4,15.2,16.3,12.2,17.6,20,13.8,11.9,15.3,9.9,13.6,9.9
"historical",1893,16.2,20.1,11.2,12.8,14.3,16.1,12.4,14,13.5,15.2,15.9,12.6,18.3,20.6,13.4,12.5,15.2,10.8,13.9,10.8
"historical",1894,16.7,21.7,12,13.6,15.2,16.6,12.4,13.5,12.6,15.6,16,12.1,17.9,20.9,13.1,12,15.4,11.2,13.9,11.2
"historical",1895,16.7,20.3,12.3,13.5,14.9,16.2,12.9,13.6,12.8,15.7,16.9,12.4,17.9,20.5,13.8,12,14.3,11.1,14.1,11.1
"historical",1896,16,21.1,12.6,12.9,14.7,16.9,12.9,14,13.4,14.7,16.2,11.6,18.5,20.9,12.3,11.5,15.4,10.4,13.7,10.4
"historical",1897,15.9,22.5,12.6,13.8,14.6,15.9,12.1,13.7,12.8,15.8,16.1,12.2,18.6,19.6,13.9,12,14.7,10,14.2,10
"historical",1898,16.1,22.2,13.3,13.4,15.2,16.1,11.6,13.8,14.3,15.1,16.5,12.6,17.9,20,13.9,12.4,14.9,11.3,14.1,11.3
"historical",1899,16.3,20.6,12.4,13.9,14.3,16.2,13.4,13.1,13.1,14.5,16.7,12.1,18.5,19.3,13.8,12.2,14.3,10.4,14.1,10.4
"historical",1900,16.9,20.6,10.9,14.3,14.9,17.3,12.1,13.6,12.6,14.8,15.9,12.4,18.7,20.7,14.7,12,14.8,10.9,13.2,10.9
"historical",1901,16.3,20.1,12.1,13.2,14.5,15.5,13,14,12.6,15.1,15.9,12.9,18.6,19.9,14.2,11.9,15.6,10.5,14.3,10.5
"historical",1902,16,19.9,11.4,12.9,14.7,16.7,11.4,13.6,14.1,14.8,16.7,12.5,18.3,19.6,14.4,12,14.4,10.7,13.1,10.7
"historical",1903,15.4,20.3,11.9,12.3,14.3,15.7,13.4,13.9,12.5,14.7,15.8,12.5,17.7,19.6,12.4,12.2,14.7,9,12.9,9
"historical",1904,15.6,20.8,11.3,12.7,14.8,16.5,13.2,13.9,11.5,14.1,15.9,13.1,17.6,20,12.9,12.1,14.9,10.9,13.6,10.9
"historical",1905,16.4,18.7,12.2,13.5,13.6,15.9,12,14.2,11.8,14.5,16.7,11.7,17.8,19.6,13.3,12,15.3,10.2,13.5,10.2
"historical",1906,16.2,21.8,13.6,13.4,14.5,16.4,11.7,13.1,13,15.1,16.7,12.8,18.7,19.6,12.8,12,13.6,9.6,14.5,9.6
"historical",1907,16.3,21.6,10.4,13.5,15,16.2,12.3,14.6,12.3,14.6,16,12.5,18.2,20.5,13.3,12.1,14.9,10.2,13.1,10.2
"historical",1908,15.7,22.1,11.7,12.8,15,16.3,12.2,13.8,12,15.1,15,11.8,18.3,20.5,14.3,12,15.7,10.1,13.8,10.1
"historical",1909,15.8,21.2,12.9,12.7,13.9,15.5,13.9,13.9,12.6,14.3,16.3,11.8,18.4,21.3,14.4,12.2,15.2,10.2,13,10.2
"historical",1910,16.4,22.1,11,13.5,15.2,16.6,12.6,13.7,14.1,14.8,15.9,12.9,18.2,20.2,13.4,11.8,14.6,10.7,14.3,10.7
"historical",1911,16.7,21,11.5,13.5,15.2,16.6,12.3,13.3,14,14.1,16.2,12.2,18.5,20.2,14.1,12.2,14.7,10.4,13.6,10.4
"historical",1912,16.4,20.7,10.3,12.5,14.5,16.1,11.9,13.6,11.4,13.7,16.3,12.7,17.7,19.1,12.9,11.4,14.3,10.1,13,10.1
"historical",1913,16.1,20.7,11.9,12.8,15.1,16,11.9,14.3,10.5,14.1,15.7,11,17.1,20.6,13.3,11.7,14.5,9.8,13,9.8
"historical",1914,16,20.8,11.1,12.9,15,16.1,14.1,13.6,13,14.2,16,12.3,17.9,19.8,13.4,12,15.6,9.5,14,9.5
"historical",1915,15,21.3,12.9,12.7,15.4,16.8,13.1,13.6,12.5,14.4,16,12,18.2,20.4,13.5,12.7,14.7,10.6,14.3,10.6
"historical",1916,16.7,21,12.6,13.8,14.3,16.8,13.6,13.3,12.7,15,16.2,11.6,17.4,19.9,14.1,12.7,14.6,9.5,12,9.5
"historical",1917,16,20.9,12,12.8,15,16.5,14.3,14.5,12.9,15.1,16.3,12.8,18.3,20.1,13.6,12.5,15.7,11.3,13.1,11.3
"historical",1918,16.7,22.4,12,13.6,14.8,16.5,14.2,13.6,13.1,15.4,16.2,12.1,18.1,20.6,14.1,11.8,14.7,11.2,14.2,11.2
"historical",1919,16.4,21.2,12.8,13.6,15.6,16,12.4,13.8,12.6,15,16.4,12.9,18.4,19.5,14.4,12.9,14.6,10.5,13.3,10.5
"historical",1920,16.1,21.8,10.7,13.2,14.5,16.2,13.5,13.8,12.4,14.7,15.6,13.8,18.1,20.1,14,12.8,15.7,9.7,13.1,9.7
"historical",1921,16.2,22.4,13.4,13.3,14.6,16.9,13.9,13.1,13.4,14.8,16.2,13.5,17.6,19.9,13.6,11.7,15.7,10.1,14.1,10.1
"historical",1922,16.7,21.7,11,13.6,15.6,16.5,14.8,13.4,14,15.4,16.3,13.4,18.1,20.8,14.6,12.6,15.7,9.8,13.4,9.8
"historical",1923,16.3,21.5,11,13.3,14.7,17,13.5,13.8,11.9,14.4,16.4,12,17.6,20,14.4,12.3,14.9,11,14,11
"historical",1924,16.6,20,14.4,13.6,14.4,16.4,12.1,12.7,14.2,15.1,16.7,12.5,18.1,20.5,13.5,12.7,14.9,10.7,14.5,10.7
"historical",1925,16.9,21.6,12.2,13.6,15.5,15.7,12.8,13.2,12.8,14.6,15.9,12.7,17.3,21,13.6,12.2,14.1,11,13,11
"historical",1926,16.4,20.8,13.8,12.5,14.4,15.4,13.3,13.4,13.1,15.7,16.5,13.4,17.3,20.8,14.1,12.5,15.3,11,13.7,11
"historical",1927,17.4,21.1,10.6,13.1,14.4,16.6,13.5,13.5,12.5,15.3,16.6,11.7,18,20.5,13.9,12,14.8,10.9,13.7,10.6
"historical",1928,15.9,20.9,13.5,12.2,15.1,16.7,12.7,13.9,13.6,15.7,16.4,13.1,19.2,20.6,13.4,12.2,15.8,11,13,11
"historical",1929,15.9,21.6,12.1,13.5,14.7,16.1,12.9,13.3,12.7,15.1,16.4,13,18.9,19.8,12.7,12.8,14.9,10.7,13.7,10.7
"historical",1930,16.8,20.5,13,13.5,15.1,16.2,11.9,13.8,13.7,14.2,16.2,12.4,18.2,20.4,12.5,12.1,15.1,10.3,14,10.3
"historical",1931,16,21.9,11.2,13.9,15,15.8,12.8,13.2,13.5,14.6,17,12.7,18,19.6,13.9,12.7,15.4,10.4,14.1,10.4
"historical",1932,16.8,21.1,12.9,13.9,15.6,16.9,13.9,14.8,12.2,14.7,16.3,12.7,17.5,20.5,14,12.1,16,10.5,13.4,10.5
"historical",1933,16.7,21.6,11.6,14,14.3,16.7,13.4,14.6,13.7,14.4,16.2,12.8,17.7,20.3,14.1,12.3,14.7,10.7,14.2,10.7
"historical",1934,16.5,20.7,13.2,11.9,14.7,16.2,13.2,14.1,13.8,14.8,16,13.2,19.1,19.8,14.2,12.7,16.1,10.6,15.1,10.6
"historical",1935,16.2,21.1,12.8,13.6,14.6,16.5,13.4,14.3,14.1,14.9,15.9,12.2,19.1,20.9,13.8,12.5,15.1,10.9,13.7,10.9
"historical",1936,16.8,22.7,12.1,13.2,14.7,16.5,13.4,13.3,13.4,14.5,16.6,12.7,18.1,20.3,14,12.4,14.9,10.1,13.8,10.1
"historical",1937,16.5,22,11.8,14.1,14.5,15.7,12.3,13.5,12.1,15.3,16.6,11.8,18,20.5,13.4,12.8,14.9,10.4,13.7,10.4
"historical",1938,16.3,22,12.2,13.4,15.2,16.3,13.5,14.3,12.3,14.5,17.4,12.3,18.3,19.8,14.4,12.4,15.2,11.5,14.4,11.5
"historical",1939,17.2,22.1,11.1,13.1,14.7,15.6,14.4,13.5,13,14,16.7,12.7,19.2,20.6,14.7,13.5,15,10.1,14.4,10.1
"historical",1940,16.5,20.4,10.4,14.4,13.9,15.8,13,13.2,13.8,14.8,16.3,12.2,18.3,19.4,14.6,12.8,14.7,11.5,14.1,10.4
"historical",1941,17.2,22.3,11.4,13.6,14.7,16.3,12.8,14,13.6,15.4,16.7,12.5,18.6,19.8,14.4,12.7,15.1,10.2,13.9,10.2
"historical",1942,16.3,20.9,11.4,13.6,14.4,17.1,13.2,13.3,13,14.4,17,13.1,18.6,19.6,13.7,12.3,14.8,9.9,13.5,9.9
"historical",1943,15.9,22,13,13.4,14.8,16.3,13.5,14.5,12.8,15.1,16.5,13.3,18,20.5,13.7,12,15,10.1,13.2,10.1
"historical",1944,17,21.5,12.5,13.4,14,16.5,12.6,13.2,13.7,15.7,16.5,13,18.5,21.3,14,12,15.5,11.2,14.4,11.2
"historical",1945,16,21.5,11.6,13.1,14,17.2,13.4,14.5,12.1,15.1,16.8,13.3,18.4,20.6,14.7,12.2,16.1,10.6,14,10.6
"historical",1946,15.6,22.1,13.4,12.9,15.1,16.4,11.6,14.3,13,15.6,16.9,12.7,18.5,19.7,13.9,12.2,15.3,10.5,13.8,10.5
"historical",1947,16.8,19.7,11.1,13.1,15,16.2,12.8,14.1,11.5,15.2,16.3,12.5,18.6,20.3,14.2,12.2,15.6,10.6,13.8,10.6
"historical",1948,16.4,21.1,13.2,13.5,15.1,16.2,12.9,14.3,13.9,14.2,16.3,13,19.1,20.4,13.7,12,14.9,10.9,13.8,10.9
"historical",1949,17.1,21.7,13.9,13.4,15.2,15.7,11,13.5,14.2,15,16.5,13,18.3,19.7,13.9,12.8,15.3,10.8,13.8,10.8
"historical",1950,16.2,21.7,12.3,13.4,15.3,16.5,12.3,14,13.4,14,16.3,13.3,18.2,20.5,14.1,12.3,15.3,11.2,13.7,11.2
"historical",1951,15.5,19.3,12.1,12.9,14.4,15.8,13.4,12.9,12.2,16.4,16.1,12.5,17.2,20.2,13.7,13.1,14.4,11.5,13.8,11.5
"historical",1952,16.8,20.7,12.9,13.3,14.8,15.6,13.6,14,12.6,15.2,17,11.6,18.4,20.7,14.7,12.2,14.9,10.7,13.7,10.7
"historical",1953,17.2,21.7,13.4,13.8,15.3,15.4,13.8,13.9,14.1,15.3,15.8,13.7,18.8,19.5,14.5,12.6,14.7,11,13.7,11
"historical",1954,16.5,21.9,11.5,13.4,15.2,15.3,13.5,14.2,12.6,16.1,16.1,13.9,18.2,19.5,12.9,12.1,14.7,11.4,13.5,11.4
"historical",1955,16.7,22,11,13.4,15.4,15.9,13.1,13.3,13.1,14.2,16.8,11.5,17.9,20.4,14.2,12.4,14.7,10.8,13.6,10.8
"historical",1956,16,21.8,11.2,13,15.4,15.9,13.7,12.9,11.7,14.2,16.3,12.7,18.5,20,14.6,12.2,14.5,11.3,13.7,11.2
"historical",1957,16.2,20.2,11.6,13.9,15.2,16.2,13.8,12.9,13.7,15.6,16.3,13.4,17.5,19.8,14.7,12.5,15.5,10.4,13.8,10.4
"historical",1958,16.4,21.7,10.4,14,15,16.6,13.9,14.1,12.2,15.1,16,13.1,18.2,20.9,13.7,12.9,15,10.8,13.5,10.4
"historical",1959,15.6,21.4,12.2,13.4,14.5,15.8,12.9,13.8,13,14.9,16.8,13,17.9,21,14.5,12,14.7,10.5,13.6,10.5
"historical",1960,15.8,20.5,11.4,13.8,15.2,16.2,14.2,13.8,14,13.6,15.7,13.6,17.2,20.3,13.8,12.9,14.4,10.8,13.6,10.8
"historical",1961,16.5,22.3,14.2,13.8,15,17,14.3,14.3,12.3,13,16.7,13.1,18.1,19.4,13.7,13,15,10.7,13.6,10.7
"historical",1962,16,20.1,14.1,13.8,14.5,15.7,12.9,14.6,12.8,14.3,16.6,12.6,18.2,20.4,14.4,13,15.2,11.4,13.5,11.4
"historical",1963,14.4,21.1,12.3,13.3,14.9,16.3,13.3,13.9,11.8,14.6,16.8,12.9,18.2,20.2,13.6,12.1,14.9,9.9,13.8,9.9
"historical",1964,16.1,20.5,12.3,12.5,14.5,16.5,14.4,12.4,13.6,14.5,16.1,11.9,18.1,19.9,13.9,12.3,14.3,10.8,13.4,10.8
"historical",1965,16,22.3,9.2,12.7,14.5,16.4,10.7,13.6,12.7,13.8,16,12.2,18.7,19.1,14.5,12.2,14.7,10.2,12.7,9.2
"historical",1966,15.9,22,11.7,13.3,15.3,16.2,13.7,14,10.3,14.7,16.6,13,18.5,19.5,13.9,12.8,14.9,11.1,13.1,10.3
"historical",1967,15.9,19.9,12.2,12.9,15.3,15.8,13.8,14,12.2,13.6,16.6,12.3,17.9,19.6,14.4,12.6,13.9,10.4,13.5,10.4
"historical",1968,16.1,19.6,11.3,13.2,15.3,16.5,12.4,14.6,12.3,15.4,15.4,13.5,18.9,18.7,14.1,12.2,14.6,10.7,13.1,10.7
"historical",1969,16.3,22.6,12.5,13.2,15,16.5,11.2,13.4,13,13.6,17,13.6,18.8,19.3,14.5,12.7,15.3,10.8,13.3,10.8
"historical",1970,16.6,21.9,10,13,14.7,16.1,13,13.7,13.8,15,16.9,12.6,17.3,20.2,14.3,12.3,15,10.5,13.7,10
"historical",1971,15.4,21.6,9.5,13.1,14.9,16.7,12.8,14.2,11.7,13.2,17.1,13.3,17.8,20,14.3,12.6,15,10.7,14,9.5
"historical",1972,15.3,21.2,12.5,13.1,14.7,16.7,13.2,14.4,10.7,15.2,15.9,12.8,18.1,19.7,14.3,11.3,14.7,10.4,13.2,10.4
"historical",1973,16.2,20.9,10.8,13.5,14,16.3,12.7,12.8,13.9,14.5,16.5,13.6,18,20.2,13.5,12.6,14.6,10.8,13.1,10.8
"historical",1974,15.6,21.8,11.1,13.7,14.8,16.7,13.8,14.4,10.7,14.3,16,13.1,18.7,18.6,14.4,12.8,14.4,11,12.9,10.7
"historical",1975,16.2,22,11.8,13.7,14.5,15.8,14.4,13.4,11.8,14.9,15.5,13.5,18.2,19.4,14.6,12.7,13.7,10.2,11.9,10.2
"historical",1976,15.3,20.5,11,13,15.3,15.9,14.5,13.5,12.4,14.4,16.1,13.4,17.8,20.1,13.9,13.5,15.7,10,12.5,10
"historical",1977,16.4,21.9,11.1,13.6,14.7,15.6,14.2,13.4,11.8,15.9,16.9,12.5,17.6,20.2,13.5,12.4,13.8,10.7,14.6,10.7
"historical",1978,16.2,22,12.2,13.6,15.3,17,14.7,14.3,11.8,14.5,16.6,13.4,18.4,20.7,13.9,12.9,14.3,10.6,13.5,10.6
"historical",1979,15.5,21.3,11.5,14.2,15.1,16.2,13.8,13.9,12.4,14.7,16.3,13.2,18.4,18.9,14.7,12.6,15.1,11.3,13.7,11.3
"historical",1980,16.4,21.6,11.7,13.3,15.6,15.5,14,13.3,13.2,14.7,15.8,13.3,17.9,19.9,14.2,13,15,10.8,13.6,10.8
"historical",1981,16.1,20.2,12.6,13.6,15.4,16.7,14,13.7,12.1,14.4,16.7,12.8,17.4,19.7,13.2,12.2,14.9,11,13.2,11
"historical",1982,15.6,22.4,11.5,13.2,14.5,16.4,14.4,13.4,11,15.2,16.5,13.2,18.8,19.2,14.8,12.5,15.3,10.5,13.3,10.5
"historical",1983,16,20.4,12.7,13.7,15.4,15.9,13.2,13.7,11.6,14.2,14.8,12.8,17.2,18.9,14.1,11.9,15.3,9.2,13.8,9.2
"historical",1984,16.7,21.5,11.8,13.7,15,16.3,14.5,14.1,13.2,13.8,16.1,12.5,18.4,20.5,14.4,12.3,15.6,10.5,13.3,10.5
"historical",1985,16.5,20.6,11.6,12.9,14.3,16.1,15.2,12.6,13.8,14.4,16.5,12.8,17.6,20.2,13.7,12.4,14.4,10.8,13.3,10.8
"historical",1986,16.5,21.2,11.7,13.5,15.2,16.4,15,13.7,10.3,14.4,16.8,13.7,18.8,20.4,13.9,12.6,14.9,10.2,13.4,10.2
"historical",1987,16.7,21.5,13.7,13.8,15.3,16.1,14.6,13.6,13,14.9,16.4,13.1,18.3,19.7,13.5,12.3,14.2,10.2,14,10.2
"historical",1988,16.4,22,12,13.6,15.7,16.8,14.1,14,13.9,15.2,16.5,13.3,17.5,20,13.7,13.1,15.4,9.7,14.6,9.7
"historical",1989,16.1,21.1,12.8,14,15,15.2,13.2,13.8,13,14.7,16.8,13.2,18.5,20.3,14.6,13.1,15.1,10.3,13.4,10.3
"historical",1990,16,22.8,14.2,13.9,15.1,17.1,15.2,14.4,10.8,14.5,16.3,13,18.6,21.3,15,13.5,15.2,11.9,14.2,10.8
"historical",1991,17.4,20.6,13,14,15.6,15.6,15.5,15.2,13.8,14.6,16.2,12.6,17.8,20.5,15,13.1,14.9,10.1,13.7,10.1
"historical",1992,16.2,22.7,11.4,13.5,14.7,16.5,13.7,12.8,13.1,14.1,16.6,13.1,17.8,19.4,14.3,13.1,15,9.9,13.2,9.9
"historical",1993,16.2,22.2,12,13.4,14.9,16.6,12.8,12.8,11.8,13.6,16.4,12.7,17.8,19.3,14.1,12.7,15.4,10,13.8,10
"historical",1994,16.4,21.5,13.4,13.2,15.5,16.7,13.4,13,12.3,15.3,16.2,13.8,17.5,20.7,14.9,12.9,14.9,11.2,13.5,11.2
"historical",1995,17.3,22.4,13,14.6,14.6,16.1,12.2,14.1,13.4,16.2,15.9,12.4,18.4,20.1,14.5,13,13.8,10.9,13.4,10.9
"historical",1996,16.1,23,11.6,13.9,16,16.7,14.2,14.2,14.1,14.6,16.8,13.8,18.5,20.3,15.1,13.2,14.3,11.7,13.8,11.6
"historical",1997,16.9,21.7,11.4,14.9,14.6,16.3,14.6,14.9,12.8,14.6,17.1,13.8,18.3,20.7,14.4,12.9,15.9,12.2,13.1,11.4
"historical",1998,16.8,22.5,11.7,14.2,16.1,17.3,14.8,13.3,13.5,15.7,16.8,13.7,17.6,19.6,14.3,13.8,15.5,10.9,13.6,10.9
"historical",1999,17.6,21.1,15.3,13.6,15.2,17.5,14.6,13.5,14.1,14.5,17.2,12.4,18.6,21.1,15,13.6,15.7,12.2,14.2,12.2
"historical",2000,16.8,21.4,13.4,14.9,15.7,17.1,14.3,14.2,12.5,15.7,17.6,13.6,18.1,21,13.7,13.2,15.9,11.9,14.1,11.9
"historical",2001,16.9,22.8,13.8,15,14.9,16.8,15.3,14.5,13.9,14.8,17.3,14,19.4,21.4,14.6,12.9,14.8,10.2,14.5,10.2
"historical",2002,17.4,22.1,11.9,15.2,15.1,16.9,14.9,14.1,11.5,15,17.6,14.2,19.2,21.8,14.7,13.7,16.4,11.1,14.3,11.1
"historical",2003,17.5,21.9,12.9,15.7,16,17.3,15.9,14.6,13.4,15.4,16.7,14,18.5,20.7,14.8,13.5,15.5,11.8,15.4,11.8
"historical",2004,16.6,21.3,14,15,15.6,16.6,14.1,13.4,14,15.4,16.5,13.1,18.3,20.8,15.9,12.9,15.5,10.6,14,10.6
"historical",2005,17.1,22.2,13.6,14.7,15.1,17.1,16.4,13.8,13.8,15.6,17.8,13.9,18.8,20.9,16,13.5,16.2,11.7,15,11.7
"historical",2006,17.7,21.7,11.9,14.5,16.6,17.5,13.5,13.8,12.5,15.8,16.9,14.5,18.6,20.9,15.1,12.8,15.5,11.5,14.6,11.5
"historical",2007,17.9,23.5,13.3,15,15.6,16.5,15.3,14.6,13.6,16.2,16.4,13.5,18.1,20.8,13.9,13.1,15.9,11.6,14.7,11.6
"historical",2008,17.6,22.8,14.7,15.6,16,17.6,15,13.8,14.4,15.9,16.7,13.8,18.8,21.3,15.2,13.4,15.5,11.6,16,11.6
"historical",2009,17.6,22.7,13.6,15.1,16.2,16.7,16.2,13.5,12.9,16.3,16.9,13.8,19.3,21.1,14.5,13.4,15.8,10.8,15.5,10.8
"historical",2010,17.1,22,12.6,14.9,15.5,16.2,16.2,14.5,13,16.6,17,14.3,18.7,21,13.9,14.1,16.1,11.6,14.8,11.6
"historical",2011,18,21.6,11.9,14.9,15.3,16.4,16.6,13.4,13,16.1,17.5,14.3,19.3,19.9,14.8,13,15.4,11,15.8,11
"historical",2012,18.1,20.9,11.3,16.3,15.8,17,15.6,15.5,12,17,18.5,14.9,19.1,21.9,15.3,13.3,15.7,11.7,16.5,11.3
"historical",2013,17.4,22.3,16,16,16.2,17.9,13,13.9,14.5,16.7,16.9,14.3,19,20,16.4,13.6,15.6,12,14.2,12
"historical",2014,17.3,21.9,14,15.6,16.3,16.9,16.7,14.7,14.1,17.6,17,15,17.7,20.8,15.2,13.9,15.9,12.1,16.7,12.1
"ssp126",2015,17.8,24.5,12.5,16.6,16,17.9,16,13.9,14.8,18.8,19.5,14,19.5,19.9,15.3,13.5,16.8,12.3,16.4,12.3
"ssp126",2016,17.8,23,16.2,16.5,16.5,18.2,15.7,14.8,14.6,16.9,17.7,13.3,19.1,20.7,16.4,13.5,16.6,12.9,17.2,12.9
"ssp126",2017,18.6,23.6,15.1,16.1,15.8,18.2,14.7,15,14.8,18.5,19,15.4,18.2,21.6,14.5,13.3,15.9,12.5,16.1,12.5
"ssp126",2018,18.2,24.7,15.1,15.8,16.4,18,16.1,14.1,14.5,18.8,18.9,15.5,21.1,21.4,15,13.2,17.8,13.3,16.9,13.2
"ssp126",2019,17.9,24.2,16,16,16.7,18.2,16.1,15.5,16.2,17.7,19.3,15.3,19.4,21.1,15.6,13.9,18,12.6,16.3,12.6
"ssp126",2020,18.5,22.1,15.7,16.2,16.1,17.9,16.9,17,16.5,18.2,19.1,15,19.9,22.1,15.3,13.1,18.8,12.6,16.9,12.6
"ssp126",2021,18.9,25.3,16.1,16.4,16.4,18.1,16.5,15.3,15.9,17.6,18,14.7,18.9,20.5,15.5,13.8,16.3,13,16.6,13
"ssp126",2022,18.5,21,15.3,15.7,17,17.7,15.8,15.6,16.5,18.9,18.8,15.4,19.5,21.5,16.7,13.4,18,12.8,16.3,12.8
"ssp126",2023,18.3,26,14.9,16.2,16.3,17.1,16.7,15.6,15.9,19.5,18.8,14.7,21.1,21.2,15.9,13.6,17.1,12.8,17.1,12.8
"ssp126",2024,18.4,23.2,14.1,16.6,17.7,17.9,15.3,14,16.5,17.3,20.2,15.3,19.4,20.6,15.7,12.8,17,12.9,16.5,12.8
"ssp126",2025,19.1,23.5,15,16.6,17.9,18.1,16.3,15.7,15.1,19,18.9,15.9,19.5,21.3,15.7,13.6,16.7,12.3,16.1,12.3
"ssp126",2026,18.1,23.2,14.2,16,16.7,17.9,18.1,15.6,15.2,20.5,17.8,14.8,19.8,21.2,17.6,13.5,16.7,12.8,17.6,12.8
"ssp126",2027,18.2,25.8,16.1,16.7,16.4,17.8,16.4,15.4,16.9,18.6,19.6,14.7,20.1,21.9,16.7,14.2,16.5,11.9,17.5,11.9
"ssp126",2028,18.9,25.1,14.4,17.2,16.6,17.7,16.3,15.5,16.9,19,18.2,15.8,20.8,21.2,16.2,13.2,18,13.6,17.3,13.2
"ssp126",2029,19,22.4,16.9,17,16.7,17.9,17.3,15.7,14.5,19.8,19.1,15.8,20.2,20.8,14.7,13.5,16.9,12.7,17.8,12.7
"ssp126",2030,18.1,24.1,15.5,17,17.5,18.3,15.6,16,15.3,17.9,17.7,15.1,19.6,22.1,15.6,14.3,17.6,13,16.8,13
"ssp126",2031,18.9,24.4,15.7,16.6,16.2,17.5,16.7,15.8,14.7,19.3,19.1,16.1,18.5,22.4,15.8,13.6,18.5,13,17.3,13
"ssp126",2032,18.2,24.7,15.4,17.2,17.2,18.6,16.6,17.2,16.9,18.1,18.6,15.4,20.1,21.4,17.3,12.8,16.5,13.5,16.7,12.8
"ssp126",2033,18.3,23.9,16.4,16.6,17.5,18,15.8,16.4,16.6,19.8,19.2,16.6,21.6,21.5,15.9,13.4,18,12.2,18,12.2
"ssp126",2034,19.2,23.2,16.1,17.1,16.4,18.7,15.1,15.4,16.3,19.3,19.8,14.8,20.3,21.6,15.2,13.9,18.7,12.3,18.5,12.3
"ssp126",2035,19.3,24.9,17.1,16.6,16.9,18,15.9,15.4,15.6,17.7,19.3,16.1,20.1,21.5,15.3,14,18.1,13.3,17.6,13.3
"ssp126",2036,19.1,24.7,15.5,16.8,17.7,18,16.3,16.3,17.2,19.6,20,16.4,20.4,21.7,16.2,13.7,18.2,12.9,18.2,12.9
"ssp126",2037,18.6,24.5,14.9,17.1,17.1,18.4,17,15.9,16.3,18.9,19.2,15.8,19.6,22.2,15.9,13.8,17.6,13.6,17.7,13.6
"ssp126",2038,18.8,24.5,15.3,16.6,17.2,19,17.4,16.4,17.6,20,18.9,15.4,22.1,21.8,16.2,13.6,17.4,12.6,18,12.6
"ssp126",2039,19.6,23.5,16.5,17.6,17.6,17.8,16.1,15.7,16.4,17.6,20.3,16.3,20.6,22.9,15.3,13.6,17.1,12,18,12
"ssp126",2040,19.5,23.9,18.6,17.9,16.9,18.2,16.1,15.6,13.8,19,18.8,15.6,20.9,22,16,13.8,18.9,13.1,18.5,13.1
"ssp126",2041,18.5,24,16.5,17,16.9,18.5,17,16.1,15.8,19.6,20.1,16.3,19.8,22,16.4,13.8,17.7,12.4,18.2,12.4
"ssp126",2042,20.1,23.2,16.2,17.1,16.6,18.3,15.8,16.3,17.6,19.5,19.6,16.5,21.4,22.9,15.8,14.2,17.7,13.6,17.9,13.6
"ssp126",2043,19.6,25.3,18.8,16.7,17.4,18.9,16.7,16.2,15.4,19.3,18.8,15.9,19.9,22.4,16.2,13.9,18.1,13.3,17.6,13.3
"ssp126",2044,20,23.2,16.4,17.7,16.3,17.5,17.3,16.2,16.6,19.2,19.1,15.9,20.9,21.8,16.9,13.1,17.5,12.8,17.6,12.8
"ssp126",2045,19.6,23.9,14.9,17.5,17,17.9,13.9,17.4,16.9,17.7,18.7,16.1,20.2,23,17.2,14,18,13,17.9,13
"ssp126",2046,19.8,24.4,16.2,16.8,16.5,18.9,17.3,16.1,16.3,18.4,19,16.2,20.7,22,17,13.4,16.3,13.7,18.3,13.4
"ssp126",2047,19.6,23.6,13.6,17.7,17.3,18.5,16.8,15,16.1,21.8,20.5,16.7,20.8,22.6,15.5,13.2,18.7,12.7,18.3,12.7
"ssp126",2048,20.1,22.4,15.2,17.6,18,18,16.3,16.6,17,19,19.6,16.4,18.8,22.2,15.1,14,18.2,14.2,18.7,14
"ssp126",2049,19.4,24.3,15.8,17.5,16.7,18,17.7,16.6,16.6,19.1,17.6,15.8,20.1,22.1,15.9,14,17.2,15,18.8,14
"ssp126",2050,19.1,22.8,16.1,17.2,17.5,19.1,18.6,16.1,17.5,19.5,19.1,15.1,20.5,22.2,15.3,13.8,19,13.3,18.9,13.3
"ssp126",2051,20.4,26.2,14.3,17.6,16.9,17.8,16.9,15.8,16.6,19,19.3,16,21.1,22.3,15.2,14.2,19.1,12.4,18.5,12.4
"ssp126",2052,20,23.3,16.6,17.6,18.1,18.4,17.2,16.5,16.6,20.1,20.2,16.9,19.9,22.5,16.5,13.6,17,13.7,17.5,13.6
"ssp126",2053,19.1,25.8,15,17.7,17.4,19,16.9,15.4,18,19.4,19.5,16.1,19.4,22.1,17.1,14.5,17.5,13.2,18.8,13.2
"ssp126",2054,19.6,22.3,16.2,17.9,17.4,18.1,16.2,16.1,17.6,18.9,20.3,16.5,20.5,22.4,15.9,14.1,19.3,13.5,18.8,13.5
"ssp126",2055,19.6,23.8,14.2,17.3,17.1,18.7,16.9,16.8,16,19.4,20.1,16.5,22.5,22.5,16.4,13.5,18,13.8,19.1,13.5
"ssp126",2056,18.7,23.2,16,17.9,17.2,17.4,17.8,16,15.8,20.2,19.9,17.2,21.1,22.4,16.8,14.3,18.7,13.6,18.4,13.6
"ssp126",2057,20.4,24.7,14.5,17.3,16.5,18.5,17,15.9,17.7,19.8,18.3,16.5,20.1,21.4,16.2,14.6,17.5,13.7,18.9,13.7
"ssp126",2058,20.7,26,15,17.6,17.5,19.8,16.4,16.4,17.9,18.1,19.6,17.3,20.5,22.8,16,13.6,18.1,14,19.4,13.6
"ssp126",2059,20.5,23.1,17.3,17.5,17.1,18.3,18.7,16.3,18.2,20.4,20.2,17.6,21.1,21.9,17.3,13.9,18,12,18.7,12
"ssp126",2060,19.4,23.6,14.8,17.8,17.5,19.1,16.8,16.1,14,19.8,19.3,15.7,20.4,22.4,17,13.7,19,13.2,19.3,13.2
"ssp126",2061,19.9,23.2,15.6,18.3,17.8,18.7,16.5,16.9,16.8,19.6,18.5,16.8,20.1,21.6,16.3,13.8,18.1,13.4,18.3,13.4
"ssp126",2062,19.8,23.3,15.9,18.2,18.7,17.5,17.3,15.8,17.4,20.9,19.2,15.6,20.5,22.1,16.4,14,16.7,13.4,17.2,13.4
"ssp126",2063,19.9,23.8,15.2,17.6,16.7,16.6,16.2,15.4,16.8,19.2,19.5,16.8,21.6,20.9,15.2,14,16.9,13,18.5,13
"ssp126",2064,20.6,23.7,16.4,17.8,17.5,18.2,17.7,16.1,16.3,18.2,19,16.6,20.3,23,16.8,13.6,17.8,13,19.6,13
"ssp126",2065,19.5,25.5,16.6,17.4,16.8,18.9,16.8,15.9,16.1,20,19.8,16.5,20.7,22,15.6,13.7,18.5,12.2,20.2,12.2
"ssp126",2066,20.6,24.9,18.2,17.7,18.1,19.2,17.3,17.4,16.4,20.4,19.9,16.9,20,22.5,16.4,13.2,18,13.5,18.2,13.2
"ssp126",2067,20,24.3,14.5,17.7,17.3,19,17.1,15.4,16.5,19.1,19.8,17.2,21.2,22.7,16.3,14.2,16.8,12.8,20,12.8
"ssp126",2068,19.4,22.9,15.5,17.9,16.8,19.1,17.2,15.8,17.3,20.4,18.8,17.5,21.4,23.2,17.3,14.2,18.1,12.7,19.5,12.7
"ssp126",2069,19.7,27.7,17.4,17.8,17.4,18.4,16.5,17.9,17.5,20.7,20.3,16.3,20.3,22.9,15.1,14.1,18,12.1,18.6,12.1
"ssp126",2070,20,22.9,15.1,17.7,17.4,18.6,17.4,16.4,17.6,20.3,19.7,16.8,20.1,21.7,16.2,13.9,16.1,13.2,18.6,13.2
"ssp126",2071,20.1,22,17.6,17.9,18.5,19.1,15.6,16.3,17.6,20.4,19.6,16.8,20.3,22.7,14.9,13.9,16.4,15.1,19.3,13.9
"ssp126",2072,19.9,25.9,14.8,18.3,17.4,19.5,17,15.6,16.1,19.9,19.9,16.6,21,22.1,16.7,14.1,16.6,12.5,19.9,12.5
"ssp126",2073,20.2,27,15.8,17.5,16.6,18.6,16.3,15.6,16.9,20.5,21.1,17,21.5,21.6,15.9,13.7,16.7,14.4,19.3,13.7
"ssp126",2074,20.4,25.5,18.1,17.5,17.3,18.9,17.7,15.9,14.8,19.2,18.2,16.3,20.8,22.2,16.7,14,18.1,14.2,20,14
"ssp126",2075,19.4,26.3,16.2,17.4,16.7,19,16.3,16.1,18.2,20.2,18.3,16.6,21.2,22.7,16.7,14,17.3,13,19.8,13
"ssp126",2076,20.9,22.9,20.4,18.3,17.8,18.7,17.8,16.2,17.9,20.2,20.1,17.2,20.3,22.6,17,13.6,18,12.8,19.1,12.8
"ssp126",2077,18.5,23.2,15.2,18.5,17.5,19.1,16.9,16.1,16.9,21.5,19.3,16.7,20,22.6,16,12.9,17.7,13.5,19.5,12.9
"ssp126",2078,18.7,23.2,16.5,17.6,17.2,19.4,17.3,16.4,16.9,19.2,19.2,16.3,21,22.8,16.8,14.1,18.1,12.8,17.9,12.8
"ssp126",2079,20,22.7,17.3,18.6,18.9,19.4,17.3,16.5,15.5,19.8,18.6,16.4,21.8,21.9,15.5,13.6,18.3,13,19.8,13
"ssp126",2080,19.7,23.5,15.1,17.9,17,18.6,17.2,16.6,15.6,22.7,19.6,16.9,20,23.3,17.4,14.1,17.2,13.6,18.9,13.6
"ssp126",2081,19.4,23.2,17.4,17.6,17.2,18.8,17.1,15.1,16.5,21.7,19.5,17.2,20.3,22.8,16.7,13.8,18.1,12.3,19.5,12.3
"ssp126",2082,20.5,24.5,16.7,17.3,17.8,19.2,15.7,18.3,16.5,19.8,19.2,16.6,19.8,21.9,15.7,14.3,16.9,13.4,18,13.4
"ssp126",2083,19.7,25.7,14,17.9,17.7,19,16.7,15.8,15.6,21.2,19.1,17.2,20.5,22.4,17.7,14.4,17.2,12.4,20.1,12.4
"ssp126",2084,20.5,23.2,17,18.1,17.2,19.7,17.5,16,17.3,21.7,19.8,16.2,21.3,21.9,16.1,13.6,17.8,12.8,20,12.8
"ssp126",2085,19.2,24.5,16.9,18,16.6,18.8,17.9,15.6,15.4,19.4,20.6,16.7,20,22.3,17.5,14.6,17.3,14.5,18.9,14.5
"ssp126",2086,20.7,22.8,14.7,18.3,17.5,19,16.4,16.5,18.2,20.8,18.6,17.6,20.3,21.9,15.9,13.8,18.2,11.9,19.3,11.9
"ssp126",2087,19.3,24.8,20.5,17.6,16.5,19.4,17,16.4,18.9,21,20.4,17.3,22,23.1,16.7,14.2,17.3,12.2,19.1,12.2
"ssp126",2088,19.5,22.8,14.1,17.8,17.6,18.4,17.2,17.5,16.9,19.9,20.1,16.7,21.4,22.9,15.7,13.9,17.9,13.1,19.3,13.1
"ssp126",2089,20,23.3,16.3,16.7,17.9,19.1,17,16.6,17.1,22.4,20.4,16.9,20.6,22.3,15.9,14.2,18.6,13.5,19.5,13.5
"ssp126",2090,20.2,23,15,17.9,16.5,19.3,17.6,16.9,16.1,21.5,19.1,17.3,19.7,21.5,16.5,13.7,18.5,13.5,19.1,13.5
"ssp126",2091,20.2,23.4,15.7,18,17.9,18.6,17.6,16.4,18.3,20,18.3,17.2,21.4,22.2,16.7,13.6,17.8,12.2,18.7,12.2
"ssp126",2092,19.3,24.6,16.4,17.1,17.3,19.4,17.1,15.7,17.9,19.6,19.7,16.8,20,21.9,16.3,13.8,18.3,13.6,19.5,13.6
"ssp126",2093,20.2,24,15.3,17.9,17.5,18.2,16.6,16.3,17.1,22.1,18.5,17.7,21.7,22.7,15.8,14.6,18.3,11.8,19.1,11.8
"ssp126",2094,19.7,25.3,16.2,17.9,17.4,18.4,18.5,17.6,15.6,20.3,18.9,17.3,21.4,22.1,16.8,14.1,17.3,12.6,19,12.6
"ssp126",2095,20.6,23.6,17.2,17.7,18,18.5,17.1,16.4,16.9,20.7,19.5,16.7,21.1,22.4,15.7,13.8,19.6,13.9,18.1,13.8
"ssp126",2096,19.8,25.3,14.5,17.1,16.9,19.6,17.3,14.5,16.5,20.1,18,15.9,21.8,22.6,15.9,14.8,16.8,12.1,19.8,12.1
"ssp126",2097,19.8,22,16.3,18.2,18.1,19,17.4,16.7,16.5,20.9,18.6,15.9,20.9,22.2,15.9,14.2,18.1,12.2,19.8,12.2
"ssp126",2098,19.7,25.2,18.4,17.9,17.3,19,17.5,16.3,17.1,21.8,18.8,18.1,19.4,22.5,15.8,13.9,17.4,12.6,19,12.6
"ssp126",2099,20.7,25.3,17.2,17.8,17.3,18.6,17.4,15.5,18.9,20,18.9,17.1,20.6,22.1,15.8,14.1,17.7,13.5,20,13.5
"ssp126",2100,20.3,24.7,16.4,17.6,17.4,19.3,17.4,16.2,17.3,19.6,18.3,16.9,20.6,22.2,15.8,13.8,15.4,12.6,20.4,12.6
"ssp245",2015,17.3,24.3,16.7,15.1,15.6,17.3,14.7,13.6,13,19,18.1,14.5,19.8,21.6,16.5,13.2,16.7,12.6,15.7,12.6
"ssp245",2016,17,23,17.1,16.2,16.5,17.9,14.8,14.5,11.8,18,19.6,15.3,19.4,22,17.1,13.7,16.4,14.1,15.8,11.8
"ssp245",2017,18.2,22.4,12.9,16.3,16.5,17.1,15.4,14.8,12.7,18.1,17.9,15.2,17.7,22.1,15.4,12.4,16.4,12,16.9,12
"ssp245",2018,18.2,23.4,16.6,16.4,16,15.7,15.5,16,13.9,19.7,19.4,14.8,19.2,22.1,15.8,13,16.9,11.6,16.5,11.6
"ssp245",2019,18.9,23.5,12.5,16,16.2,16.6,14.8,14.6,13.2,18,17.9,15.6,20,21.7,15.4,13.2,17.7,13.3,16.3,12.5
"ssp245",2020,18.8,23.8,16.2,16.2,16,18.3,15.5,14.5,13.2,17.7,18,15.3,20.9,20.9,16.2,13.5,17.9,12.5,15.5,12.5
"ssp245",2021,18.7,21.9,14.3,16.7,15.6,18,15.8,15.2,12.5,19.3,18.4,15.2,19.9,21.7,16.3,13.4,17.7,12.9,16.5,12.5
"ssp245",2022,18.4,23.4,14.9,16.3,16.6,18.2,16.1,15.1,14.3,19.3,19.3,15.9,20.1,21.8,17.2,12.6,17.1,12.7,16.5,12.6
"ssp245",2023,18.2,23.6,13.2,16.4,16.9,18.5,16.6,15.7,13.9,18.5,18.9,14.8,20.7,22.1,15.7,13.3,17.2,12.1,17.2,12.1
"ssp245",2024,18.7,22,11.7,15,16.8,18.3,15.3,15.8,15.4,19.7,18.9,15.9,20.2,22.3,15.7,13.7,18.2,12.6,17.2,11.7
"ssp245",2025,19.1,22,13.5,15.7,16.8,17.6,15.7,14.8,13.9,19.7,17.8,15.6,19.7,22,15.9,13.6,18.1,11.4,17.6,11.4
"ssp245",2026,18.6,22.9,16.8,16.1,16.9,17.8,17.2,15.4,14.3,17.8,17.6,15,19.5,22,15.6,13.1,17.4,12.6,18.2,12.6
"ssp245",2027,18.5,23.6,13.9,16,16.4,17.6,16.7,14.7,13.9,21.3,20.6,15.7,19.9,20.9,16.8,14.9,17.3,12.8,18.1,12.8
"ssp245",2028,18.3,22.3,18.7,16.5,16.3,17.7,16.6,14.9,15.2,18.8,18.6,15.9,19.7,23.3,15.5,12.8,18,12,18.3,12
"ssp245",2029,18.7,26.1,15.6,16.8,15.7,17.9,16.3,15,14.4,18.2,19.5,15.3,19.3,21.2,15.9,13.3,19,12.7,16.8,12.7
"ssp245",2030,18.6,24.2,14.1,16.6,16.3,18.9,13.6,14.2,14.4,17.6,18.7,15.5,19.2,22.1,17.4,13.2,17.4,12.7,17.1,12.7
"ssp245",2031,18.3,25.9,15.3,17,16.6,18.2,15.6,14.9,13.7,19.5,20.2,15.3,19.3,22.5,14.6,13.1,17.4,13.9,17.8,13.1
"ssp245",2032,19.1,27.3,17.5,16.1,17.1,17.9,17,16,13.6,18.3,19.3,15.7,20.2,23.1,17,13.5,17.2,13.5,17.8,13.5
"ssp245",2033,18.8,22.6,17.3,17.3,17.5,17.7,16.2,15.5,13.1,16.7,18.9,16.2,20.1,22.8,16.9,14.1,18.6,12.9,18.3,12.9
"ssp245",2034,18.7,23.1,15.9,16.7,16.4,18.9,15.5,15.2,14.8,20,19.7,15.5,20.6,21.9,15.6,13.2,18,13.7,17.5,13.2
"ssp245",2035,18.7,24.1,13.7,17.8,17.4,18.7,17.3,16.1,15.2,20,18.8,15.9,20.6,22,16.3,14.3,17.7,13.6,17.9,13.6
"ssp245",2036,18.1,23.1,15.5,17,16.6,17.8,16.2,15.8,14.6,18.3,19.8,16.4,20.2,21.9,16,14,17.8,12.5,18.6,12.5
"ssp245",2037,19.2,22.9,14.9,16.2,16.8,18.2,16.5,15.2,15.9,19.8,21,16.3,21,21.7,16.4,14.2,16.7,13.2,17.9,13.2
"ssp245",2038,18.9,22.7,17.6,16.4,17.3,18.1,16.9,15.1,15,19,19.3,16.4,20,22.1,17.3,13.9,17.2,13.3,18.3,13.3
"ssp245",2039,18.8,25.2,18.2,17.7,17.4,18.9,17.2,15.6,14.5,20.1,19.6,14.9,18.8,23.8,16.9,14.1,16.8,14.1,18.8,14.1
"ssp245",2040,19.6,24.6,18.4,17.9,17.8,17.8,14,15.8,15.3,18.5,17.7,15.7,19.7,22.3,15.3,13.6,17.6,13.3,18.2,13.3
"ssp245",2041,19.7,25.7,15.5,17.6,17.4,18.3,15.8,15,13,19.1,18.3,15.1,20.9,21.4,16.2,13.8,16.6,13,19.1,13
"ssp245",2042,19.6,25.2,15.9,18,17.4,18.6,16.7,16.1,15,20,18,17.1,21.3,22.5,16.2,14.4,17.9,13.8,18.5,13.8
"ssp245",2043,19.3,25.1,18.3,17.5,17.3,19.3,16.8,15.3,14.8,19.6,19.1,16.8,20.9,22,15.9,14.2,17.7,13.9,19.1,13.9
"ssp245",2044,19.8,21.6,18.2,18.1,17.3,18.8,16.8,15.2,14.4,20.5,18,16.4,19.5,22.7,16.3,14,17.4,13.1,17.7,13.1
"ssp245",2045,19.2,26.7,16.6,18.1,17.3,18.7,16.6,15.7,15.9,21.7,18.7,17,19.9,23.3,16.5,14.3,19.1,13.4,19.1,13.4
"ssp245",2046,19.3,24.3,15.3,17.9,17.9,18.5,17.2,16,15.8,20.6,18.5,17.3,20.8,23,15.3,14.2,18.3,13.9,18.9,13.9
"ssp245",2047,19.6,25.3,13.5,18.2,16.8,18.5,15.9,15.6,14.5,20.4,18.7,17.3,21.3,23.4,16.3,13.8,17.3,13.7,18.5,13.5
"ssp245",2048,20,24.7,16.1,18,18.2,18.8,17.4,16,14.4,21,19.2,17,20.2,24.1,15.5,14.3,19.4,13.2,20,13.2
"ssp245",2049,21,24.7,15.8,17.8,17.6,18.4,16.7,15.7,15.6,20.2,20.1,16.8,20,23.7,17.2,13.6,16.4,14.4,19.8,13.6
"ssp245",2050,19.8,24.4,16.8,18,17.9,18.8,18.1,15.4,14.8,20.1,18.9,17.4,20.1,21.5,16.9,14.6,17.8,14.1,17.9,14.1
"ssp245",2051,20,24.2,19.5,17.9,17.1,18.7,17.2,16,15.4,19.5,20.1,17.2,23.2,23,16.9,14.3,17.8,12.8,18.5,12.8
"ssp245",2052,20.2,25.2,15.4,18,17.1,19.6,18.1,16,15.9,19.6,19.9,16.1,20.1,23.9,15,14.5,17.5,13.9,19.2,13.9
"ssp245",2053,20.2,24.8,15.3,18.1,16.8,18,16.5,16.6,16.3,20.5,17.9,17.4,20.4,23.6,16.5,14.3,19.4,15.3,19.1,14.3
"ssp245",2054,19.4,24.8,16.4,18.6,17.8,19.2,18.1,16.4,15.9,19.3,18.6,16.2,20.5,22.4,16.1,13.8,17.6,14.8,20.5,13.8
"ssp245",2055,20.6,24.4,14.8,18.7,16.4,19,17.2,16.6,16.1,21.2,18.2,17.5,21.7,23.2,16.3,14.6,17.4,14,19.3,14
"ssp245",2056,20.2,23.8,16.5,18.5,17.5,18.9,17.8,16.5,15.6,20.2,19.2,17.1,20.8,21.9,16.4,14.5,18.4,13.8,19.7,13.8
"ssp245",2057,20.7,24,15.9,18.5,16.8,19.1,17.3,16,14.6,21.2,19.5,17.6,20.1,23.7,16.9,14.3,17.1,13.3,20,13.3
"ssp245",2058,20.1,23.8,17.7,18,17.1,19.1,16.6,16,14.6,21.1,19.6,17.1,20,23.9,17.2,14.5,18.3,13.8,20.3,13.8
"ssp245",2059,19.7,25.9,19.6,18.8,17.4,18.8,16,16.5,15.2,20.4,19.9,17.8,20.7,23.4,18.3,14.8,18.7,13.7,19.5,13.7
"ssp245",2060,21.8,24.4,17.5,18.1,18.5,19.6,18.7,16.5,15,20.1,18.3,17.4,22.6,23.4,15.8,14.6,18.2,13.5,19.6,13.5
"ssp245",2061,20.9,23.2,15.7,19.3,18.4,19.7,17.7,17.1,14.8,21.8,18.3,17.5,20.4,22.2,16.8,14.8,18.4,13.7,20.2,13.7
"ssp245",2062,20,25.6,15.5,18.6,18.3,19.1,17.5,16.1,14.7,20.7,19.9,17.5,20.5,23,16.8,15,18,14.1,21.3,14.1
"ssp245",2063,21,26.7,15.5,19,17.7,19.4,17,16,16.7,19.7,20.1,17.2,21.1,23.3,16.8,13.4,17.8,13.7,19.1,13.4
"ssp245",2064,20.2,25.4,17.9,19.6,18.2,19.6,17.7,16.5,15.7,21.1,19.2,17.3,21.9,23.1,16.7,15.4,18.7,13,19.3,13
"ssp245",2065,21.4,25.1,16.9,19.1,18.1,19.7,17.5,16,16.2,20.3,21.1,16.7,20.5,24.3,16.7,15.3,18.4,14.3,20,14.3
"ssp245",2066,19.9,24.7,16.5,18.9,18,19.3,17.6,15.5,15.7,22.2,20.1,17.6,20.8,23.7,18.2,14.7,18.6,15,21.3,14.7
"ssp245",2067,19.1,24.1,16.5,18.5,17.5,18.5,17.4,17.1,16.2,21.1,20.7,18.4,19.9,22.9,17.2,15.2,19.3,13.6,21.2,13.6
"ssp245",2068,21.3,24.5,15.6,19.3,19.1,18.8,18.8,17.3,15.3,22.1,21.6,16.6,21.3,23.7,17.1,14.8,18.2,14.5,20.6,14.5
"ssp245",2069,20.1,25.5,18.6,18.9,18.4,19.8,18.7,15.9,14.9,25,20.4,18.1,22.6,25.6,15.2,15.4,18.5,14.5,20.6,14.5
"ssp245",2070,21.3,25.2,14.3,19.1,17.6,19.5,17.5,15.7,16.7,21.3,20.2,17.7,20.2,23.2,18,15.1,19.3,14.2,20.8,14.2
"ssp245",2071,21.2,24.9,17.5,18.3,18.5,19.2,18.6,15.3,14.9,22.2,18.5,18.5,19.9,23.6,16.9,15.1,18.6,15.1,20,14.9
"ssp245",2072,19.8,27.6,14.8,18.7,18.5,18.9,19,16.5,15.6,21.5,20,18.4,21.5,23.2,15.9,14.7,17.9,16.1,20.8,14.7
"ssp245",2073,21.8,26.3,16.9,19.4,18.5,20,19.3,16.6,15.8,20.2,20.6,18.5,20.1,22.2,18.5,15,18.4,14.2,20.9,14.2
"ssp245",2074,21.3,25.5,16.5,19.1,17.4,19.3,18,15.8,14.6,21,21.6,18,20,24,18.1,15.4,18.3,14.4,21.4,14.4
"ssp245",2075,20.9,25.6,14.2,19,17.9,18.7,18,16.2,15.8,22.4,18.9,18,20.5,23.1,17.8,14.9,18.6,14.6,20.9,14.2
"ssp245",2076,20.6,26,18.4,19.6,17.6,20.1,18.8,17,16.4,21.9,20,17.6,20.9,24,16.8,15.6,19.6,14,21.1,14
"ssp245",2077,21.1,25.2,18.6,19.1,17.8,19.3,19.1,17.4,15.1,22.7,18.9,19,21.9,23.7,16.3,14.3,18.1,14.1,21.4,14.1
"ssp245",2078,21,23.3,18.8,19.9,18.5,19.6,17.6,17.4,15.3,22,21.1,19.6,21.4,23.8,17,15.2,18.4,14.3,21.8,14.3
"ssp245",2079,20.7,26.5,15.6,19.5,18.8,19.5,17.5,17.9,15.1,21.6,19.2,19,21.5,23.2,17.9,14.6,18.4,14.9,21.2,14.6
"ssp245",2080,22,24.4,15.8,19.6,18.1,20,17.9,17.3,15.3,22.1,18.1,19,22.7,23,17.7,16.2,18.2,14.3,20.7,14.3
"ssp245",2081,21.2,24.3,19.5,19.1,17.9,19.6,18.9,16.4,16.3,22.1,18.7,19.3,21.6,24.4,16,15.3,18.9,14.7,21,14.7
"ssp245",2082,20.3,24.7,17.3,19.8,18.8,19.9,18.8,16.7,15.5,21.6,18.6,18.3,21.1,25.2,17.6,15.6,19.2,14.6,22.8,14.6
"ssp245",2083,21.2,25.9,17.2,19.5,19,20.6,17.2,17.3,16.7,21.9,20.8,18.7,21.1,23.1,17,14.4,19.5,14.8,21.9,14.4
"ssp245",2084,22.1,24.6,17.3,19.4,18.7,20.7,18,17.1,16.3,22.6,20.1,18,21,23.1,18.4,15.6,18.8,13.4,21.7,13.4
"ssp245",2085,21.5,26.4,15.8,19.6,19.3,19.9,18.9,16.6,15.9,21.5,20.9,20,21.9,23,17.7,14.9,18.6,14,21.5,14
"ssp245",2086,21.8,24.9,18,19.7,19.2,20.8,18.5,17.1,15.1,21,18.9,18.7,21.1,24.1,17.6,14.9,18.7,14.6,20.9,14.6
"ssp245",2087,21.4,26,17.1,19.6,19.7,20.2,18,17.1,16.3,21.7,20.8,19.5,21.4,25.2,17.7,15.1,19.5,14.7,21.3,14.7
"ssp245",2088,21.8,27.7,19.9,19,18.5,19.7,19,16.6,16.2,21.2,20.2,18.9,22.1,24.7,18.1,15.7,18.9,14.2,21.5,14.2
"ssp245",2089,21.6,26.6,23.7,19.9,18.9,20.2,18.9,17,16.7,22.7,20.9,18.5,21.8,23.5,18,15,19,14.3,21.4,14.3
"ssp245",2090,21.3,26.4,17.6,19.3,18.1,19.9,18.5,16.5,15.9,21.3,19.6,18.6,21.6,23.8,17.1,14.9,18.3,14.1,23.6,14.1
"ssp245",2091,21.2,25.9,18,19.3,20,20.1,19.4,16.7,15.4,23.1,22,18.6,22.2,23.7,17.5,15.5,18.9,13.2,22.3,13.2
"ssp245",2092,21,26,20,20.2,19,19.8,19,17.6,17,21.9,20.2,17.3,21.2,24.7,17.9,15.7,18.7,15.1,21,15.1
"ssp245",2093,21.1,26.4,17.5,20,18.7,20,19.5,16.4,16.1,25.5,20,19.2,20.5,25.3,17.6,15.2,19.9,13.8,21.6,13.8
"ssp245",2094,22.5,25.2,19.1,19.6,19,20.9,18.5,17.4,16.2,22.7,19.7,19.2,22.4,24.4,17.9,15.5,18.7,14.6,22,14.6
"ssp245",2095,21.5,25.2,18,19.5,19,20.1,20.7,15.9,15.7,21.4,20.6,18.7,22.3,23.8,17.2,15.1,19.9,14.8,22.2,14.8
"ssp245",2096,21.6,21.9,17.2,19.5,18.9,19.6,19.6,17.7,14.7,23.3,18.6,18.9,21.4,24.1,17.3,15.3,18.4,15.6,21.3,14.7
"ssp245",2097,21.9,24.8,16.5,19.7,19.5,20.9,18.8,17.2,15.9,22,20.7,19.1,21.3,24.4,17.2,14.4,20.4,14.4,22,14.4
"ssp245",2098,21.5,25.6,18.6,19.9,18.7,20,18.4,17.4,16.7,22.7,21.8,20,21.5,25.1,18.3,14.4,19.2,14.4,21.8,14.4
"ssp245",2099,21.8,25,15,19.7,18.5,20.7,18.8,16.2,15.4,21.9,19.8,19.7,23.6,24.4,16.4,15.5,18.1,14,21.7,14
"ssp245",2100,22.5,26.7,19.3,19.6,19.7,20,19.2,16.8,17.1,22.5,20.8,18.6,21,24.2,18.1,14.9,18.7,14.5,21.9,14.5
"ssp370",2015,18.2,24.4,13.7,15.7,16.4,17.8,15.3,14.1,15.1,NA,17.4,15.2,19.3,20.7,15,13.8,15.2,NA,16.6,13.7
"ssp370",2016,16.9,24.8,13.5,16.1,16.3,17.4,15.6,16.8,14,NA,17.5,15,19.9,20.9,15.1,13.2,15.6,NA,14.6,13.2
"ssp370",2017,17.9,24.3,13.9,15.8,16.6,17.5,16.7,15,14.1,NA,18,14.3,20,22.8,15.2,12.6,15.9,NA,15.6,12.6
"ssp370",2018,17.6,22.8,13.5,15.7,15.9,18,16.1,16,15.5,NA,17.2,14.6,19.6,23.4,15.7,13.5,15.2,NA,17,13.5
"ssp370",2019,18.3,23,14,16.8,16,17.8,16.3,13.9,15.7,NA,17.3,15.3,20.2,22.1,15.8,13,16.4,NA,15.7,13
"ssp370",2020,18.5,23,15.7,16.6,16.2,17.7,15.6,17,16.2,NA,17.8,14.7,20.6,20.7,14.4,13.4,16.6,NA,16.2,13.4
"ssp370",2021,17.8,23,14.5,16.7,16.7,18.3,15.4,15.6,16,NA,17.8,14,20.1,19.2,15.1,13.4,16.1,NA,15.9,13.4
"ssp370",2022,18.3,22,14.9,16.8,16.6,17.3,15.1,16.5,17,NA,17.5,15.3,21,21.3,15.8,13.7,17.3,NA,15.4,13.7
"ssp370",2023,17.6,22.9,15.9,16.9,17.2,17.7,15.1,14.6,15,NA,17.5,15,19.6,22.1,15.2,12.8,16.9,NA,16.8,12.8
"ssp370",2024,18.2,23.2,14,16.8,16.4,18.1,16.3,15.3,15.5,NA,18.5,15.5,20.2,20.6,15.6,14.3,16.6,NA,17.9,14
"ssp370",2025,18.1,24,15.7,17.4,17,18.7,14.1,14.7,15.2,NA,17.4,15.3,19.4,21.4,15,14,16.3,NA,17.6,14
"ssp370",2026,18.5,24.1,14.1,16.7,17,17.6,16,15.2,16.6,NA,18.6,14.5,19.3,21.2,14.8,13.1,16.6,NA,17.1,13.1
"ssp370",2027,18.5,22.3,17,16.8,16.5,17.8,15.7,14.9,14.2,NA,17.1,15.7,20.7,22.6,15.3,12.9,15.5,NA,18,12.9
"ssp370",2028,19,25.4,16.5,17.1,16.8,17.6,16.7,14.6,15.7,NA,18.1,15.8,19.1,22,14.8,13.7,16.9,NA,17.4,13.7
"ssp370",2029,17.8,22.9,16.4,16.2,16.5,18.1,15.7,16.8,16.4,NA,17.6,15.6,20.1,22.5,15.3,13.3,16.9,NA,17.3,13.3
"ssp370",2030,18.2,26.5,15.9,17,16.6,18.3,15.9,15.4,16.7,NA,17.2,15.2,20.4,23.2,14.8,14.2,16.7,NA,18.4,14.2
"ssp370",2031,19.2,26.7,15,17.7,16.9,18.3,17.1,15.7,16.1,NA,17.9,16,20.7,21.8,15.7,13.1,17.9,NA,16.3,13.1
"ssp370",2032,18.8,23,16.8,17,16.8,18.6,16,15.2,15.8,NA,17.9,16,21.1,22.5,14.6,14,16.2,NA,17.6,14
"ssp370",2033,18.6,25,15.1,17.4,16.9,18.3,16.5,15,16.3,NA,18.2,15.1,19.7,22.1,15.6,12.7,16.5,NA,17.9,12.7
"ssp370",2034,18.9,24.8,15.5,17.3,17.2,18.7,16.7,16.1,16.4,NA,17.4,15.3,19.4,21.7,15.5,13.2,17,NA,17.6,13.2
"ssp370",2035,19.4,27,16.8,17.3,16.5,17.8,15.2,15.4,15.2,NA,17.2,15,19.9,21.7,15.5,14,16.7,NA,18.7,14
"ssp370",2036,18.7,24.5,15.6,17.4,16.9,18.2,16.1,16.7,15.4,NA,17.9,15,20.4,21.4,15.6,13.5,16.8,NA,18.4,13.5
"ssp370",2037,18.9,23.5,17.3,17.2,16.7,18,15.8,16.3,14,NA,18.7,15.1,20.3,23.5,15.5,14,17.4,NA,18.3,14
"ssp370",2038,19.8,21.9,15.3,17.7,16.6,17.3,17.6,16.2,17.2,NA,18.9,15.6,20.7,23.6,15.6,14.1,15.9,NA,19,14.1
"ssp370",2039,19.5,23.8,15.6,17.7,17.4,18.3,16.8,16.7,16.7,NA,19.1,16.2,20.6,22.2,15.5,14,17.5,NA,18.9,14
"ssp370",2040,19.9,24.4,15.6,18.2,16.7,18,16.4,16,15,NA,18.8,15.5,20.3,22.1,14.4,13.4,17.2,NA,19.4,13.4
"ssp370",2041,19.6,23.5,15.2,18.3,16.7,18.8,16.6,15.6,16.9,NA,19.5,16.8,20.6,22.8,15.8,14.5,17.7,NA,17.8,14.5
"ssp370",2042,19.6,25.7,15.5,18.2,17.3,17.7,16.9,16.9,16.1,NA,18.4,15.6,21.2,23,15.8,14,16.1,NA,18.5,14
"ssp370",2043,19.5,24.4,17.2,18.1,17.9,18.1,16.6,16.2,15.5,NA,18.5,16.5,19.7,23.5,16.2,14.8,16.3,NA,19.3,14.8
"ssp370",2044,19.7,24.8,15.3,18.4,17.4,19.4,15.8,16.9,16.1,NA,18.9,16.7,19.7,22.8,15.1,14.6,16.6,NA,19.3,14.6
"ssp370",2045,19.6,24.8,15.4,16.6,17.2,19.2,16.3,16.7,16.9,NA,18.5,15.6,21.8,23.4,15,13.9,15.6,NA,20.2,13.9
"ssp370",2046,19.4,25.7,18.3,18.3,18,18.9,16.6,17.2,16.1,NA,18.5,16.7,21.5,22.6,16.1,13.3,16.6,NA,19.4,13.3
"ssp370",2047,19.6,25.4,15.2,18.9,16.7,19.3,16.9,17,15.9,NA,18.8,16.9,20.3,22.3,15.6,14.8,17,NA,18.9,14.8
"ssp370",2048,20.4,24.1,14.6,18.5,17.4,20.2,17.7,15.7,17.2,NA,19.3,17.2,20.4,23.1,15.8,14.4,17.6,NA,20.4,14.4
"ssp370",2049,19.9,26.1,14.3,18.9,17.3,19.8,17.1,16.4,15.5,NA,18.9,16.8,20.9,23.2,15.7,15,17.6,NA,19.1,14.3
"ssp370",2050,21.7,25.8,17.3,19,16.4,19.4,16.1,15,15.9,NA,19.3,17.5,21.5,23.6,16.5,14.5,17.8,NA,20.6,14.5
"ssp370",2051,20.4,23.6,15.7,18.8,17.8,18.8,18,17.2,16.6,NA,18.7,17.1,20.7,23.1,16.5,14.6,17.1,NA,19.5,14.6
"ssp370",2052,21.4,26,18.1,19.6,18.2,19.3,17.5,15.2,16.5,NA,18.7,17.1,21.1,23.1,17,14.2,16.6,NA,19.8,14.2
"ssp370",2053,21,24.6,18.4,19.4,17.3,19.5,17.8,17,17.6,NA,19.9,18,20.3,23.6,16.2,14.7,17.6,NA,20.5,14.7
"ssp370",2054,20.6,25.6,19.9,20.1,18.2,19.7,17.3,17.1,17.4,NA,18.9,17.2,20.9,22.1,16.8,15.1,17.6,NA,21,15.1
"ssp370",2055,20.9,27.1,18.8,18.5,18,18.4,17.5,16.4,18.5,NA,19.1,16.4,22.3,22.7,16,15,16.6,NA,20.4,15
"ssp370",2056,20.6,24.1,19.6,19.4,18.2,17.8,17.4,17,17.4,NA,18.9,17,20,22.9,16.3,14,17,NA,20.4,14
"ssp370",2057,20.6,26.7,19,19.2,18.2,18.6,17.7,16.7,16.3,NA,18.9,17.1,20.4,22.2,16.6,15,17.3,NA,20.3,15
"ssp370",2058,20.9,24.4,19.4,19.1,17.3,19,18,17.3,16,NA,18.8,18,21.5,22.5,16.2,14.4,17,NA,21.1,14.4
"ssp370",2059,21.2,26.4,17.2,19.2,18.7,19.7,18.1,18,17.4,NA,19.6,18,21.3,22.5,15.4,15,18,NA,21.1,15
"ssp370",2060,22.1,26.4,18.3,19.7,18,19.2,18.2,16.6,17.9,NA,19.4,17.9,21.9,24,16.6,15.1,17.8,NA,21.1,15.1
"ssp370",2061,20.9,24.8,19.3,19.6,17.9,19.2,19.3,17.3,18.2,NA,18.8,18.2,20.2,24.7,15.3,15.4,17.4,NA,20.7,15.3
"ssp370",2062,21,25,19.7,19,18,19.1,18.2,16.9,16.4,NA,19.5,18.5,21.2,23.3,17.5,14.6,18.3,NA,21.4,14.6
"ssp370",2063,21.3,24.4,15.6,19.8,18.3,19.8,18.3,16.3,16.7,NA,19.3,18.5,21.1,23.8,16.6,15.6,17.3,NA,21.6,15.6
"ssp370",2064,21.4,25,17.1,20.1,18.4,19.8,18.7,18.6,18.8,NA,18.2,18.7,20.8,23.8,16.6,15.6,17,NA,22.5,15.6
"ssp370",2065,21.1,25.3,18.3,20.4,18.7,20.4,19,17.7,15.7,NA,18.9,18.7,21,23.8,16.4,15.2,18,NA,22.2,15.2
"ssp370",2066,21.3,23.9,19.5,19.5,18.9,19.8,18.5,17.6,14.4,NA,19.9,18.3,23,24.1,17.2,14.9,16.6,NA,21.5,14.4
"ssp370",2067,21.5,27.2,18.8,20.2,19.2,20.2,18.6,17.4,18.2,NA,19.6,18.6,21.6,24.5,16.7,15.5,17.6,NA,22.4,15.5
"ssp370",2068,21.4,27.2,20.3,19.3,17.2,20.8,19.5,17.8,17,NA,19.8,19.2,20.5,23.3,16.7,15.8,17.9,NA,21.6,15.8
"ssp370",2069,21.5,25.9,21.8,20.1,18.6,20.2,17.8,16.6,16.7,NA,19.5,18.3,21,23.9,17.6,16.1,18.1,NA,22.1,16.1
"ssp370",2070,21.8,27.5,18.1,20.3,18.6,20.2,19.4,18.1,16.2,NA,20.3,18.8,21.8,26.3,17.3,15.8,18,NA,21.8,15.8
"ssp370",2071,21.5,25.7,17.3,20.3,18.5,20.1,17.8,17.2,17.4,NA,19,18.7,21.9,24.8,16.7,15.2,17.9,NA,22,15.2
"ssp370",2072,22.4,26.2,16.5,20.5,18.2,19.5,17.7,19.2,19.6,NA,18.7,19.7,22.2,25,17.4,15.8,17.7,NA,22,15.8
"ssp370",2073,22.4,26.1,18.2,20.9,18.5,19.8,19.9,17.7,18,NA,18.9,18.5,20.9,23.5,16.7,14.8,17.8,NA,22.2,14.8
"ssp370",2074,22.2,25.7,19.7,19.1,18.9,19.9,19.7,18.4,19.1,NA,19.8,18.6,21.9,24.1,17.3,15.7,17.6,NA,23.8,15.7
"ssp370",2075,22.1,27.5,19.5,21.1,19.5,21.1,18.3,17.3,16.3,NA,20,19.1,23.7,24.7,17.4,15.6,18.4,NA,22.4,15.6
"ssp370",2076,21.1,27.1,21.4,21.3,18.9,20.1,19.4,17.1,18.3,NA,19.3,19.3,21.7,24.8,15.9,15.6,18,NA,23.3,15.6
"ssp370",2077,22.1,26.8,18.7,20.9,19.2,20,20.5,19.5,18.7,NA,20.5,19.1,21.7,24.7,17.1,15.8,17.6,NA,22.9,15.8
"ssp370",2078,20.9,23.8,21.2,20.7,19.3,20.8,19.3,18.5,16.5,NA,20,19.4,22.1,24.9,17.2,15.3,18.3,NA,23.1,15.3
"ssp370",2079,21.8,26.1,19.9,21,19.5,19.6,19.4,17.2,16.9,NA,19.5,19.9,22.2,24.6,17,16.4,17.6,NA,23.6,16.4
"ssp370",2080,21.8,26.6,20.8,21.4,19.4,20.1,19.7,18.9,17.5,NA,20.7,20,23.2,25.2,16.8,15.9,19.6,NA,23.9,15.9
"ssp370",2081,22.6,25.9,18.9,21.2,19.7,20.2,20.5,19.3,18.9,NA,21.2,19.8,22.5,25,18.1,15.8,18.8,NA,23.5,15.8
"ssp370",2082,21.7,26.8,19.2,21.5,18.9,20.7,19.6,17.7,18.6,NA,19.9,19.4,23.4,25.5,17,17.1,18.7,NA,23.8,17
"ssp370",2083,22.9,26.3,17.7,21.9,20.3,20.5,19.1,18.5,16.3,NA,19.8,19.9,22.3,24.7,17.8,15.8,19,NA,24.4,15.8
"ssp370",2084,21.1,25.4,19.7,21.7,20.3,20.9,20.3,18.9,18.7,NA,21,20.6,23.6,25,18.6,16.7,18.4,NA,23.1,16.7
"ssp370",2085,23,27,18.6,22.6,20.8,21.7,19.5,19.3,15.4,NA,20.8,19.7,22.8,24.8,17.5,16.1,18.4,NA,22.6,15.4
"ssp370",2086,23,29.4,21.1,20.9,20.1,22.1,20.9,17.8,18.7,NA,20.3,20.9,22,25.4,17.8,16.4,19.3,NA,24.1,16.4
"ssp370",2087,23.1,28.5,20.2,22.4,19.9,21.2,20.9,18.1,18.4,NA,20.1,21.1,21.4,24.7,18.4,16.5,19.8,NA,24.2,16.5
"ssp370",2088,23,28.4,17.3,22.1,19.8,21.1,20,18.6,18.2,NA,19.8,20.1,22.3,26.9,17.1,17.1,18.3,NA,24.5,17.1
"ssp370",2089,23.5,28,19.8,22.6,18.7,20.8,21.4,18.9,18.2,NA,20.2,21,23.2,26,17.8,17,19.1,NA,26.3,17
"ssp370",2090,22.9,25.2,21,22.2,20,21.9,20.3,18.5,18.7,NA,21,20.4,22.2,24.4,17.6,16.5,19,NA,23.5,16.5
"ssp370",2091,23.7,25.9,19.6,22.6,20.7,21.3,20.2,18.4,18.7,NA,19.8,21.2,22.5,25.3,18.2,16.5,18.6,NA,25.6,16.5
"ssp370",2092,22.9,27.4,19.9,22.1,19.7,21.9,20.8,19.2,16.6,NA,20.7,21.3,23.3,26.3,17.8,16.5,19.1,NA,26,16.5
"ssp370",2093,23.4,26.6,21.7,22.4,21.1,22,20.8,20.1,17.8,NA,20.9,21.3,24.2,24.8,17.9,16.5,18.8,NA,24.4,16.5
"ssp370",2094,24.3,26.8,19.8,22.2,20.9,21.5,21.3,20.6,18.3,NA,20.1,21.5,21.8,24.4,17.9,17.5,20,NA,25.9,17.5
"ssp370",2095,24,28.2,22.9,23,20.9,21,21.1,19.2,17.6,NA,20.3,20.7,22.3,25.6,17.9,17.1,18.3,NA,25.4,17.1
"ssp370",2096,24,29.2,20.8,22.8,20.1,21.7,20.3,17.2,17.4,NA,20,21.1,23.7,26.6,17.8,16.8,18.9,NA,26.6,16.8
"ssp370",2097,24,28.3,19.4,22.9,20,21,21,19.5,19.8,NA,20.9,21.7,23.1,25.3,18.7,17.1,18.7,NA,25,17.1
"ssp370",2098,23.5,26.7,22.7,23.5,20.9,22.1,20.4,18.9,18.2,NA,20.8,22.1,22.6,25.2,19.1,16.5,18.3,NA,27.5,16.5
"ssp370",2099,24.3,25.5,23.6,23.8,21.6,22.4,21,19.4,19.4,NA,20.8,22,22.2,25.1,19.5,16.3,19.5,NA,26.7,16.3
"ssp370",2100,23.5,27.6,20.2,22.4,20.9,21,20.8,19.3,20.1,NA,20.8,21.4,24.2,27.5,19.3,17.3,19.9,NA,25.6,17.3
"ssp585",2015,18,24.1,14.7,16.4,16.3,16.6,15.5,15.5,15.7,17.5,19.3,13.7,19,20.7,16.4,15.7,18.6,12.8,15.6,12.8
"ssp585",2016,18,24.3,16.5,15.9,16.1,16.4,15.5,14.9,14.4,17,17.2,14.9,18.6,21.2,15.4,14.1,17.1,12.5,15.8,12.5
"ssp585",2017,18.2,23.9,14.1,16.5,15.6,19.3,15.1,14.2,14.6,17.2,18.9,15.6,17.6,21.1,16.4,14.4,16.7,11.7,15.8,11.7
"ssp585",2018,18.2,22.2,14.8,16.6,16.2,17.6,16.3,14.7,14.3,17.6,17.8,15.2,19.6,21.6,14.9,14.6,17.3,13,16.1,13
"ssp585",2019,18.6,23.9,18.6,15.8,16,17.4,14.6,15.3,16.9,17.5,17.9,15.3,20.2,21.1,15.2,13.9,18.5,13.7,16.7,13.7
"ssp585",2020,17.7,24.5,14.7,16.2,15.7,17.7,15.5,15.3,17.3,18,18.2,14.7,20.6,21.1,17.2,13.8,17.3,12.4,16.4,12.4
"ssp585",2021,18.2,24.8,17.8,16.5,16.2,17.8,15.6,14,15.7,17.8,19.3,15.1,21,21.6,15.8,14.9,16.2,11.4,16.4,11.4
"ssp585",2022,18.6,24.6,17.1,16.2,16.6,17.8,14.1,15.4,16.1,18.3,18.4,14.8,20.3,22,16.4,13.8,16.3,11.5,16.5,11.5
"ssp585",2023,18.7,22.8,17.2,17.3,17.1,17,15.1,15.7,14.8,17.4,19.3,15.1,19.9,20.9,16.8,14.9,19.1,12.9,16.7,12.9
"ssp585",2024,17.9,23.5,15.3,16.7,17,18,15.7,13.6,13.6,17.7,19,15.3,20.7,21.8,17.3,14.3,18.2,13.8,15.9,13.6
"ssp585",2025,19.2,22.9,13.5,17.4,16.9,18.1,16.1,15,15.3,18.2,20.5,16,19,22.1,16.6,15,17.4,13.1,17.8,13.1
"ssp585",2026,19.1,23,17.8,17.1,16.1,18,16.1,16.4,16,18.2,19.1,16.2,20.3,22.1,16.1,13.8,16.7,13.6,17.5,13.6
"ssp585",2027,18.6,24.5,16.4,17.1,17.2,18.6,14.5,15.4,14.5,18.1,19.6,16.1,19.8,21.9,18.4,15.4,18.8,13.2,17.6,13.2
"ssp585",2028,19.9,23.9,13.9,17.3,16.8,18.6,15.6,16,16.9,19.8,19.2,15.4,19.4,21.8,15.1,14.5,17,12.8,16.8,12.8
"ssp585",2029,19.8,25,16.5,17.6,17,18.5,16.8,16.3,16.1,18.4,21.6,15.6,19.9,21.8,16.2,14.6,16.3,13.4,17.8,13.4
"ssp585",2030,19.6,23.3,16.6,17.1,17.5,18.9,17.1,15.2,17.1,18.4,19.1,15.5,21.3,21.4,17,13.9,20,12.5,17.4,12.5
"ssp585",2031,18.2,23.3,15.6,17.7,17.2,18.3,16.4,15.2,16.8,19.3,20.3,15.7,21.1,22.2,16.1,15.2,18.3,13,17.8,13
"ssp585",2032,18.9,24.7,16.4,17,18.1,18.3,16.4,14.3,15,18.3,19.7,16.4,20.5,22.4,16.5,14.8,17.8,14.3,18.7,14.3
"ssp585",2033,19.8,24.7,16.3,17.4,17.4,18.9,15.8,15.9,15.1,19.1,19.3,15.2,19.7,21.9,17.5,15.5,16.6,13.4,18.2,13.4
"ssp585",2034,19.3,23.2,15.6,18.1,18,17.8,16.6,15.6,16.3,20.1,20.3,16,20.6,22,17.2,14.1,17.4,14.5,16.2,14.1
"ssp585",2035,19.2,23.2,16.2,17.9,16.2,18.7,17.7,14.9,16.2,18.6,19.1,16.5,21.9,22.1,17.7,15.1,18.9,15.1,18.7,14.9
"ssp585",2036,19.8,23.2,13.3,16.7,18.3,17.3,16.9,16,16.7,18.4,19.6,16,21.3,22.4,16.9,14.7,17.4,14.5,18.1,13.3
"ssp585",2037,19.6,22.9,14,18.4,16.5,18.6,16.3,15.5,18.6,18.1,19.1,16.5,19.8,22,17.6,16.6,17.9,14,18.4,14
"ssp585",2038,20.2,22.9,14.7,17,18.1,18.8,15.8,16.2,16.3,19.8,19.2,15.1,20.6,22.6,16.1,14.8,17.9,14.6,18.8,14.6
"ssp585",2039,19.1,24.3,18.4,17.5,18.1,18.8,16.5,16.6,15.2,19.3,18.5,16,21.2,22.4,17.1,14.6,19,13.4,18.7,13.4
"ssp585",2040,19.8,24.7,16.4,18,17.1,19,16.7,15.4,15.7,20.2,18.6,16.6,21.1,22,17.3,15,18.6,14.9,18.6,14.9
"ssp585",2041,19.8,24.6,17.9,18.1,17.9,18.9,16.7,15.6,17.1,19.7,20,16.5,19.1,21.6,17.9,15.1,18.8,14.8,19.7,14.8
"ssp585",2042,18.7,25.5,14.8,17.9,17.7,18.6,17.4,16.5,15.6,20,19.7,16.3,20.8,22.3,16,15.3,18.4,12.9,18.5,12.9
"ssp585",2043,20.2,26.3,16.2,18.5,17.6,19.6,16.7,17.3,15.4,19.6,19.7,17.5,20.2,22.7,17.8,14.7,18.9,13.5,19.3,13.5
"ssp585",2044,19.8,24.2,15.7,18.7,16.9,19.7,16.4,17.6,16.3,20,18.8,16.8,21.6,22.5,17.9,15,18.6,13.1,19.8,13.1
"ssp585",2045,19.2,25.8,18.3,18.6,17.8,18.9,17.8,16,16.1,20,20.4,16.3,21.7,22.8,16.3,15.6,18.4,13.7,19.3,13.7
"ssp585",2046,20,25.2,16.9,17.9,17.9,18.4,16.7,15,16.8,19.9,20.5,16.5,20.3,22.5,17.2,16.2,17.2,14.4,19.6,14.4
"ssp585",2047,20.6,21.9,16.4,18.5,18,19,16.7,17.5,16.2,21.1,20.4,17.8,20.6,23,16.9,15.1,18.5,15.1,20.1,15.1
"ssp585",2048,20.3,24.4,16.4,18.3,17.1,20.4,16.9,17.6,17.2,20.8,19.9,17.7,21.3,23.2,17.4,15.4,19.7,14.5,19.7,14.5
"ssp585",2049,21.2,25.6,19.4,19.1,18.2,19.1,17.8,16.3,17.8,21.2,21.3,18.2,20.6,22.4,17.2,15,19.2,15.6,20.7,15
"ssp585",2050,20.6,25.3,18,19.2,17.4,19.3,17.6,17.1,17.5,19.8,20.6,18,20.9,22.4,17.9,15.7,19.2,15.3,20.7,15.3
"ssp585",2051,20.1,25.4,19,19.2,18.7,18.9,17.5,16.1,16.9,20.5,20.6,17.8,21.1,22.8,17.4,16.4,17.8,15.1,21.5,15.1
"ssp585",2052,20.4,25.3,19.5,18.7,18.7,18.7,18.8,17.8,18.7,20.6,19.4,17.3,21.4,22.9,18.4,15.1,19,14.7,20.1,14.7
"ssp585",2053,20.7,25.4,19.3,19.3,17.6,19.6,17.7,17.5,17.9,21,19.7,18.5,21,23,16.2,13.3,19.3,14.2,20.7,13.3
"ssp585",2054,21.2,24.6,19.1,18.7,18.7,19.6,17.6,16.8,16.2,21.5,19.6,17.8,21.4,22.8,18.6,16.2,20.2,14.3,21.5,14.3
"ssp585",2055,20.3,25,17.5,19.8,18.4,19.5,17.5,17.8,16.5,21.9,20.3,18.7,21.2,23.7,20.1,16.6,20.6,14.7,21.8,14.7
"ssp585",2056,20.8,23.7,16,19.6,18.5,19.2,17.1,17.2,17.6,21.7,20.8,19.1,20.9,23,18.5,14.9,19.7,15.5,20.8,14.9
"ssp585",2057,21.5,24.6,17.1,20,18.2,18.4,18.5,17.6,17.4,20.3,22.1,17.7,21.8,24.1,17.8,15.8,19.8,15.2,20.7,15.2
"ssp585",2058,20.7,26.5,19.5,20.3,18.8,19.6,18.5,16.5,16.8,22.1,20.8,18.6,21.8,23.2,18,16.6,18.3,15.7,22.5,15.7
"ssp585",2059,21.4,26.6,18.4,21.1,18.2,19.6,19,18,16.8,23.3,21.1,18.7,22,23.2,17.6,16.2,19.6,15.1,21.2,15.1
"ssp585",2060,22.4,25.5,18.2,20.6,18.8,20.3,18.9,18.5,17.9,22.1,21,18.9,22.1,24.3,20.4,17.6,19.3,14.9,21.6,14.9
"ssp585",2061,21.8,24.8,20.9,20.1,19.3,20.2,18.9,18.3,17,23,21.3,18.7,22.4,24.3,19.6,15.9,18.5,15.8,22,15.8
"ssp585",2062,21.9,27.5,19.3,20.6,18.9,20.7,19.3,18.1,17,22.4,20.8,18,21.1,23.2,16.8,16.9,20.3,15.1,22.1,15.1
"ssp585",2063,22.3,27.1,22.7,20.7,18.8,21,19,18.8,18.4,23.7,22,18.7,21.8,23.9,19.3,16.5,19.7,15.2,22.4,15.2
"ssp585",2064,21.4,27.9,19.1,20.9,19.7,19.5,18.7,17.5,16.2,23.2,20.6,19.3,21.5,24,19.6,18.1,18.4,15.5,23.2,15.5
"ssp585",2065,23,26.9,19.2,20.7,19.7,20.4,18.2,18,18.3,21.4,19.7,19.2,24.1,24.1,19.8,16,19.1,15.4,22.4,15.4
"ssp585",2066,22.2,25.6,17.1,20.4,19.5,21.2,20.3,18.2,18.3,24,22.7,19.6,22.9,23.8,19.1,17,18.8,16.3,22.9,16.3
"ssp585",2067,22.2,25.7,18.9,20.8,17.8,20.8,19.8,17.4,17.3,22.8,21,20.2,21.2,22.9,18.5,16.5,20.3,16.4,23.6,16.4
"ssp585",2068,22.5,25.9,18.3,21.3,20.1,19.8,18.4,17.3,17.7,22.2,19.9,19.7,22,23.9,16.5,17.9,18.8,15.8,22.7,15.8
"ssp585",2069,22.6,25.4,21.1,21.6,19.2,20.2,20,18.2,17.3,23,20.7,20.4,21.8,23.6,18.1,15.1,17.6,15.6,22.9,15.1
"ssp585",2070,22.1,26.3,19.2,21.2,20.1,20.8,20.4,19.1,17.1,23.3,21.5,20.2,22.2,25.1,17.7,16.6,20.9,15.6,22.2,15.6
"ssp585",2071,21.2,26.5,20,21.8,19.1,20.5,20.1,17.2,18,23.2,20.9,20.8,21.8,25.3,17.6,17.1,19.9,15.8,23.9,15.8
"ssp585",2072,23.1,24.4,21,22.2,20.5,20.6,20.2,17.7,18.5,23.2,21.3,20.6,21.5,24.6,18.9,16.9,20.8,15.3,24,15.3
"ssp585",2073,23.2,27.7,19.9,22,19.9,20.8,21,18.1,18.3,23.5,20.9,21.1,23.5,24.2,20.1,17,20.5,17,23.8,17
"ssp585",2074,23.1,29,21.2,22.5,20.6,20.5,19.7,18.9,19.8,21.7,21.5,20.8,22.7,24.1,19.5,17,19.3,15.5,24.2,15.5
"ssp585",2075,22.9,27,23,22.3,20.6,21.5,20,17.6,18.3,23.6,21.3,20.8,22.7,25.3,19.5,16.4,21.4,15.7,23.7,15.7
"ssp585",2076,23.1,25,19.3,21.8,21.2,21.2,19.5,17.8,18.1,24.5,21.3,21.5,21.8,24.5,20.8,16.6,20.5,17.4,24.2,16.6
"ssp585",2077,23.3,27.5,19.4,22.9,20.5,21.9,20.5,17.3,17.5,23.2,22.6,21.4,22.3,24.3,19.5,16.8,19.2,17.9,24.4,16.8
"ssp585",2078,23.9,28.2,19.7,22.3,20.7,20.7,19.7,18.4,18.5,24.1,20.1,21.5,23.4,25.2,20.6,17.2,20.1,16.5,24.5,16.5
"ssp585",2079,24.9,27.1,19.3,22.7,20.9,21.1,19.3,18,16.9,24.5,21.3,21.7,22.8,25.1,19.1,17,20.7,16.5,25.8,16.5
"ssp585",2080,24,29.1,19.9,23.1,20.9,21.7,20.2,19.9,18.6,25,22,21.6,22.4,25,18.9,17.5,19.7,16.3,25.6,16.3
"ssp585",2081,23.8,29.2,20.7,22.9,20.5,22.4,20.6,17.7,17.8,24.3,20.3,21.7,22.2,25.4,18.7,17.4,20.9,15.6,25.4,15.6
"ssp585",2082,24.1,27.6,20,22.9,21.3,22.1,21.7,19.9,16.8,24.2,22.2,22.1,23.7,25,21.1,16.6,19.3,17.1,24.6,16.6
"ssp585",2083,24.5,26.4,20.4,23.3,21,22.2,22.4,19.5,19.2,23.8,20.6,22,24.1,24.7,18.7,16.6,21.5,16.7,25.8,16.6
"ssp585",2084,23.7,27.9,21.3,23.5,21.6,22.8,21.4,19.1,19.9,24.4,21.8,22.5,21.6,25.2,21.7,18.4,20.5,18.1,25.5,18.1
"ssp585",2085,24.2,28.7,20.7,23.4,21.2,23.5,21,19.7,19.2,26.9,22.3,22.3,23.6,25.2,18.5,17.7,19.8,17.5,26.7,17.5
"ssp585",2086,24.3,28.7,21.7,23,21.9,22.1,21.6,19.3,19,24.4,20.3,22.7,23.5,26,19.7,18.6,20.2,17.6,26.2,17.6
"ssp585",2087,24.3,30.2,19.7,23.8,21.5,22.9,21.2,18.7,19.2,25.8,21.7,23.7,22.7,25.2,19.8,18.2,20.3,17.8,25.5,17.8
"ssp585",2088,25.2,28.8,20.1,24.7,21.6,22.3,20.4,18.2,17.1,26.8,21,23.6,24.3,26.2,19.5,17.7,20.6,16.1,26.2,16.1
"ssp585",2089,24.4,29.1,18.6,23.8,21.1,21.8,21.6,20.7,18,26.8,21.6,23.4,23.6,25.1,21.8,18,19.5,18.2,26.4,18
"ssp585",2090,24.6,29.9,21.1,23.7,21.5,22.2,22,18.7,20.6,24.8,23,23.1,23.4,25.4,19.9,18.4,20.1,16.9,26.7,16.9
"ssp585",2091,25.5,25.7,20.5,25.2,22.4,22.6,20.8,19.6,18.7,27.1,22.3,23.6,24.2,26.6,18.8,17.3,20.1,17.3,26.2,17.3
"ssp585",2092,25.5,27.4,21.5,24.5,22,22.5,22.4,20,19.1,28.1,22.5,23.6,25.3,26.8,20.7,16.8,19.7,17.4,27.8,16.8
"ssp585",2093,24.3,28.8,22.6,24.3,22.5,22.2,22.1,19.5,19.8,27.7,21.6,23.9,23.3,25.9,21,16.7,20.9,16.8,27.6,16.7
"ssp585",2094,25.5,29.8,23.4,24.1,22,22.9,22.8,19.9,18.3,27.8,21.9,24.5,24,26.1,19.5,18.3,20.9,17.5,27.6,17.5
"ssp585",2095,24.9,27.2,21.3,24.8,22.8,22.5,22.7,19.9,17.3,26.7,21.3,24,25.6,26.2,20.2,18,20.6,17.1,26.9,17.1
"ssp585",2096,23.7,28.3,23.5,25,22.3,23.7,23.5,20.2,17.9,27.4,24,23.8,25,26.5,20.3,18.6,20.8,18.1,29.1,17.9
"ssp585",2097,25,26.9,22.1,24.4,22.7,23.3,22.9,20,18.2,26.4,23.3,23.2,24.5,26.6,20.4,19.1,22,17.6,27.7,17.6
"ssp585",2098,25.9,28.8,21.1,25.7,22.3,23.4,23,18.6,19,28.1,22.4,25.1,23.6,26,22.4,19.8,20.4,19.2,26.9,18.6
"ssp585",2099,24.9,29.3,23.3,25.1,23.1,23,23.4,20.3,19.5,29.7,24.8,23.6,24.9,27,20.9,18.4,22.3,18.5,27.9,18.4
"ssp585",2100,26.1,28.2,23.5,25.4,22.7,22.7,22.8,19.6,18.9,27.7,24.1,23.4,24.5,27.4,20.9,19.5,22.3,18.9,27.6,18.9
