"scenario","Year","ACCESS.ESM1.5","AWI.CM.1.1.MR","BCC.CSM2.MR","CanESM5","CNRM.CM6.1","CNRM.ESM2.1","EC.Earth3","GFDL.ESM4","GISS.E2.1.G","HadGEM3.GC31.LL","INM.CM5.0","IPSL.CM6A.LR","MIROC.ES2L","MIROC6","MPI.ESM1.2.HR","MPI.ESM1.2.LR","MRI.ESM2.0","NESM3","UKESM1.0.LL","ensemble"
"historical",1850,88.8,83.8,92.6,85.1,110.4,108.4,NA,122.3,78.6,93.3,102.6,121.4,95.9,90.6,111.7,87.6,110.9,93,92,98.3
"historical",1851,94.9,121.5,67.9,95,126.5,116.9,77.4,123.2,73.3,72.8,96.5,126.2,105.6,83.9,88.6,80.3,87.7,97.8,86,95.9
"historical",1852,95.7,132.4,104.7,80.7,105.3,85.2,83.3,93,80.2,64.3,105.7,111.8,103.9,82,100.4,97.7,99.1,105,75.2,95
"historical",1853,92.6,109.4,84.1,89.3,115.8,103.6,70,117.1,91.4,93,87.7,112.3,74.9,100.7,78.1,86,122.6,108.9,74.8,95.4
"historical",1854,94.1,85.5,73.1,91.9,117.5,108.1,83.7,129.5,79.5,87.2,106.8,127.2,137.4,91.1,82.2,89.9,107.5,90.1,69.3,97.5
"historical",1855,90.6,113.3,88,101.7,107.1,112.6,93.7,142.3,77.1,64.1,109.5,124.1,103.9,86.6,96.3,97.4,111.2,78.1,82.7,99
"historical",1856,95.2,105.4,81.5,92.9,103.4,110.7,68.8,104.7,74.9,93.5,100.3,120.9,74.9,87.2,91,95.3,102.1,93.5,76.9,93.3
"historical",1857,89.4,124.7,76.8,94.2,122.1,117.9,57.1,107.4,83.7,84.4,103.5,112.7,98.9,93.5,91.1,92.9,126.4,81.7,82.7,96.9
"historical",1858,92,97.3,78.4,85.9,88.6,115.2,94.8,99.2,85,81.2,118.3,112.7,95.6,67.6,82.7,100.8,125.1,108.5,98.3,96.2
"historical",1859,93.2,135.7,93.4,87.2,108.5,100.7,58.7,93.3,82.3,92.4,105.2,117.9,115,72.2,93,94.1,98.6,95.3,81.7,95.7
"historical",1860,97.8,122.1,72.3,95.2,114.4,110,107.6,105.7,62.6,91.8,109.2,116,89.8,82.8,68.5,104.4,119.6,104.3,71.9,97.2
"historical",1861,96.8,91.7,68.3,86,105,124.2,89.2,109.2,68.8,76,89.3,117.7,86.1,89.3,89.5,88,120.8,102.4,84.6,93.8
"historical",1862,92.9,102.1,107.2,88.8,109.2,120.7,64.6,92.2,85.7,91.1,104.6,126,120.8,90.5,79.4,83,109.5,91.5,87,97.2
"historical",1863,82.9,113.7,96.5,94.9,116.1,128.8,69.4,50.1,87.6,82.3,112.6,116.2,96.7,84,93.7,82.2,139.4,81.2,77.5,95
"historical",1864,96.4,129.1,103.4,77.3,128.7,118.1,85.6,102.1,79.9,70.2,102.2,112.8,120.4,82,81.7,93.8,115.4,96.1,98.4,99.7
"historical",1865,92.4,111,112.4,94.8,113.4,114.7,75.4,116.6,80.7,96.1,99.6,118,81.7,78.5,90.3,86,111.4,104.9,97.7,98.7
"historical",1866,95.3,103.8,89.3,91.1,115.7,109.4,82.9,90.1,67.4,79.6,102.1,136.6,102.8,72.9,86.6,85,152.7,96.2,76.5,96.6
"historical",1867,90.4,107.7,85.7,86.7,118.9,110,95.7,85.7,77.9,95.2,83.9,106.9,96.5,94.5,88,83.7,108.9,105.3,90.4,95.4
"historical",1868,96.5,129.9,111.1,109,125.6,115.6,86.4,104.9,91.8,82.6,114.3,112,112.8,83.9,93.8,83.8,96.4,103.6,86.4,102.1
"historical",1869,87.2,100.1,80.8,80.6,93.7,110,66.6,146.4,68.9,70.8,77.5,94.2,78.8,78.6,100.9,79.2,108,98.1,86.4,89.8
"historical",1870,91.5,107.6,85.7,99.7,127.9,96.8,98.8,101.6,84.9,78,99.2,112,95.4,94.3,78.8,93,98,88.9,66.1,94.6
"historical",1871,92.6,100.9,100.5,93.4,104.7,116.6,86.6,93.4,75.3,87,115.3,124.2,83.8,75.5,114,97.6,115.4,80.3,80.5,96.7
"historical",1872,96.6,107,95.7,89.5,118.5,129.4,76.4,111.8,90.6,85.1,98.6,120.5,88.4,90.2,66.8,89.9,91.8,98.9,74,95.8
"historical",1873,109,109.1,136.2,99.4,109.3,115.6,73.3,107.3,71,80,77,115.7,106.6,89.1,87.8,77,129.3,105.2,74.9,98.6
"historical",1874,99,138.9,127,88.4,111.3,107.1,78.6,99.7,86.3,84.2,96.3,102,101.6,78.4,99.2,97.7,122.9,129.7,69.6,100.9
"historical",1875,85.5,104.1,84.3,107.7,113.1,98.8,80,113.9,81.8,97.4,93.8,122.8,105,77.3,91,80.6,88.3,80.9,92.3,94.7
"historical",1876,95.7,99.6,107.4,90.3,116.3,102.8,68.5,86.9,87.1,97,108.3,109.5,90.1,82,91.9,102,98.9,114.3,95.3,97
"historical",1877,92.1,90.1,71.1,84.7,114.4,141.3,78.4,139.9,74.4,84.2,116.4,114,100.7,79.8,111.4,70,109.1,104.3,73,97.3
"historical",1878,95.8,67.5,85.4,102.3,105.1,141.7,69.6,116.6,69.8,95,96.2,111.2,100.8,74.8,104.5,98,124.3,102,63.3,96
"historical",1879,89.5,87.3,76.4,89.7,136.2,90.4,83.6,106.7,76.7,50.2,92.3,129.1,89,87.1,92.5,84.9,92.6,117.6,89.8,92.7
"historical",1880,88,105.7,80.5,97.4,115,118.7,85.2,94.3,71.4,89.5,108.8,108.3,82.3,78.3,105.8,95.4,102.9,86,85.3,94.7
"historical",1881,110,127.9,89.5,98.8,105.7,117.1,69.3,123.6,71.9,90.2,106.9,138.6,98,81,84.2,91.3,101.1,101.7,87,99.7
"historical",1882,83.9,139.9,87.5,93.1,97.9,112.3,80.4,118.4,76.4,65,100.4,133.4,81.5,88,110.3,104.1,96.5,79.7,93.5,97
"historical",1883,84.8,118.1,70.9,95.2,116.2,116.5,85.5,86.5,84.2,101.1,98.2,129.2,93.9,76.2,95.6,98.5,130.2,109.3,77.6,98.3
"historical",1884,72.6,102.5,95.2,81,81.7,95.6,82,82.9,83.6,53.8,77.8,124.9,86.7,77.6,97.8,82.2,85.2,104.8,77.3,86.6
"historical",1885,98.6,112.1,94.8,93,119.4,103.8,85.1,100.9,80.5,81.4,84,106.7,80.8,79.7,86.2,88.2,91.2,73.3,72,91.1
"historical",1886,93,100.5,88.5,111.5,127.7,100,69.3,116.2,66.2,87.2,113.7,128.8,87.4,96.9,105.3,83.5,111.6,87.9,87.6,98
"historical",1887,96.4,75.4,112.1,86.5,120.1,118.5,101.7,108.1,83.1,104.9,102.7,120.4,105.7,78.1,98.2,101.3,123,80.8,76.9,99.7
"historical",1888,90.3,79.2,122.1,83.3,114.5,124.1,75.3,87.6,68.3,89.8,85.9,116.4,89.9,97,97.9,87.8,116.2,105.1,75.4,95.1
"historical",1889,99.7,100.2,69,92.8,113.4,114.6,82.1,108.5,82.4,75.1,91.7,121,98.8,90.3,92.8,105.8,105.1,81.3,73.4,94.6
"historical",1890,104.4,88.6,101.3,88.7,106.3,93.4,78.5,105.6,85.9,70.4,102.7,121.9,114.5,93.8,113.6,82.1,119.8,111.9,81.9,98.2
"historical",1891,97.8,96.7,131.6,98.6,113.6,120.3,97.9,104,89.4,98,85.4,117.6,101.5,77.1,76.9,96.4,79.7,76,75.4,96.5
"historical",1892,111.5,114.3,101.6,98,130.3,128.4,64.4,102.4,64.4,63.8,98.3,96.4,87.7,82.4,99.5,83.5,115.4,102.8,73.2,95.7
"historical",1893,95.2,131.2,111.9,89.7,118.6,119.8,60.8,80.6,84.2,94.2,99.9,124,89.7,82.5,105.5,92.3,128.3,100.8,73.3,99.1
"historical",1894,101.9,102.3,135,91.7,122.7,107.8,68.8,96.6,79.6,96.1,114.4,117.1,84.4,88.6,71.7,79.4,114.9,98.5,74.1,97.1
"historical",1895,84.7,114,94.6,97,108.9,107.2,70.1,89.4,78.2,81.2,105.2,126.9,96,83.7,109.4,101.5,96.4,99.2,77.4,95.8
"historical",1896,95.1,106,105.6,81.9,118.9,113.7,87.6,106.2,83.1,67.2,87.6,111.6,94.7,83.1,101.8,95.6,108.2,108.8,83.5,96.9
"historical",1897,100.5,98.7,96,88.9,98.3,108.9,72,103.9,74.4,54.5,95.5,132,112.2,84.3,96.7,74,110.5,122.4,102.3,96.1
"historical",1898,89.3,104.7,85.4,100.1,107.9,122.8,65.5,116.6,86.3,82.6,102.4,133.8,108,70.9,84.8,99.7,85.6,99.9,75.9,95.9
"historical",1899,92.8,110.1,101,81,113.5,121,86.4,86,87.7,84.8,85.4,125.8,120,73.6,101.5,77.3,119.4,95.6,84.8,97.2
"historical",1900,93.8,96.8,80.9,90.4,103.2,119.9,75.3,93.1,82.6,82.4,97.8,137.8,111,84.5,107.7,86.2,125,78,79.5,96.1
"historical",1901,97.1,121.4,94.6,80.6,118.7,134.8,78.9,108.6,72,87,97.8,126.9,97.2,75.4,92.3,75.7,102.4,91.4,94.8,97.2
"historical",1902,110.7,108.6,73.5,95.8,111.3,117.9,76.6,86.1,70.4,102.6,115.9,121.5,114.9,74.6,90.6,83.2,118.5,106.9,64.1,97
"historical",1903,95,118.7,95.9,99.8,103.5,109.7,59,90.8,77.8,93.8,101.7,120.7,92.5,104.1,81.4,99.4,88.3,85.4,88.1,95
"historical",1904,89.8,99.7,84.5,89.5,93,120.2,101.5,113.2,73,67.2,102.9,128.2,122.2,73.5,103.3,87.5,100.3,105.2,77.2,96.4
"historical",1905,101.1,91.6,94.3,85.3,110.6,125.1,79.8,96.9,95.7,65.8,92.6,112.3,96.6,80,95,88,99.4,101.3,88.9,94.8
"historical",1906,124.6,96.7,92.7,88.4,112.2,109.8,97.1,107.1,72.9,99.6,95.4,128.1,111.8,79.9,77.6,72,93.8,90.1,71.4,95.9
"historical",1907,91,98.6,96.9,99.4,98.9,112.3,92.3,101.1,96.4,111.7,83.4,119.7,101.1,83.2,84.2,80.4,106.9,80.9,84.2,95.9
"historical",1908,96.5,99.4,62.3,85.8,128.4,121.4,73.5,105.9,74.2,87.5,97.8,114.5,87.4,91.7,92.5,84.6,81.8,91.9,82.6,92.6
"historical",1909,83.2,101.5,100.3,93.1,104.9,126.2,83.8,132.2,73,84.5,96.3,115.7,89.6,77.6,86.5,87.2,95.9,108.5,85.8,96.1
"historical",1910,92.1,125,86.7,101.2,124.2,106,75.9,105,65,100.4,74.9,100.1,88.7,81,127.9,78.8,90.1,102.5,84.5,95.3
"historical",1911,86.8,111.5,95.3,84.5,96.1,115.1,76.2,127.3,84.2,56.9,95.3,119.3,123.7,89.1,107.2,82.3,116.4,94.2,70.1,96.4
"historical",1912,95.2,95.2,90.7,92.2,97.4,122.6,76.8,83.3,78.5,71.1,107.6,122.3,90.7,82.8,78.1,90.8,114.3,74.7,78.7,91.7
"historical",1913,96.4,85.6,103.7,85.2,113.7,121,80.3,108.4,65.7,89.6,88.8,108.5,110.5,83.1,91.1,92.6,100.9,87.8,72.6,94
"historical",1914,94.6,86.1,69.8,77.3,111.3,120.9,66.7,97.4,79.7,80.7,102.4,122.7,111.2,71.9,107,100,98.1,110.4,77.2,94
"historical",1915,90.4,85.5,92,81,100.4,114.5,86.5,117.1,80.9,84.7,89.7,132.9,67.5,79.7,84,86,100.1,73.1,81.5,90.9
"historical",1916,81.3,99.2,96.3,92.8,105.8,105.8,89.6,111,84.9,73.6,100.2,102.7,109.6,92.7,94.4,76.3,109.1,92.9,69.6,94.1
"historical",1917,94.8,142.8,113.4,91.9,116.8,109.4,61.6,94.4,70,78.6,87.3,108.4,98.6,89.9,98.4,81.2,92.9,103.8,75.4,95.2
"historical",1918,95,104.9,122.1,97,96.7,115,83,90.7,77.9,96.3,126.1,123,113.9,91.3,97.7,94.2,101,120.6,76,101.2
"historical",1919,108.2,112.4,92.2,93.7,115.6,122.5,68.1,88.3,88.6,85,100.6,116.4,92.1,70,90.7,104.2,144,76.8,89.3,97.8
"historical",1920,94.2,93,92.3,93.4,109.5,104,74.5,104.3,80.3,48.3,95,124.5,85.2,85.1,112,77,101.7,99.2,82.8,92.4
"historical",1921,87.3,88.7,100.6,90.4,97.4,115.4,83.6,110.2,85.6,92.6,109,107.9,118.6,84.8,80.9,77.6,116.3,87.7,86.1,95.8
"historical",1922,87.1,118.1,105.4,89.6,115.2,108.8,118.6,98.6,87.7,89,91.9,109.1,108.7,82.9,106.1,70.8,121,90.5,89.1,99.4
"historical",1923,88.1,86.5,101.9,96.3,129.1,112.6,95.5,77,82.8,44.4,106.9,113.7,127.8,79.6,76,79.5,78.2,72.9,70,90.5
"historical",1924,90.1,109.1,81,103.2,111,116.8,78.6,118.8,91.3,65.4,84.2,131.3,101.6,76.4,92.9,87.1,115.7,91.5,82.1,96.2
"historical",1925,94.9,102.8,96.6,85,109.9,106.1,71.9,111.5,89.9,70.6,115.9,119.8,76,95,106.7,94.3,123.8,110.2,78.3,97.9
"historical",1926,101.8,128.3,97.2,106,110.7,132.5,86.6,121.9,92.5,82.6,111.7,126.1,98.4,83.2,88.3,86,85.3,96.6,76.1,100.6
"historical",1927,81.5,114.8,79.3,100.4,109,120.6,101,129.1,88,83.5,89,121.1,91.4,81.1,65.8,80.2,133.7,67.3,85.3,95.9
"historical",1928,91.6,130.1,105.3,98.2,103.5,106.7,84.8,77.1,67.5,78.2,99.2,106.1,100.8,74.7,113.7,84.6,114.5,98.4,95,96.3
"historical",1929,88.9,114.6,86.9,87.7,94.8,123.2,103.8,114.9,86.4,61.9,100.9,107.4,86.2,102.2,86.3,76,90,93,59.3,92.9
"historical",1930,98.1,78.9,108,84.6,111.2,102.6,85.4,125.4,76.7,89,122.7,107.9,77.6,82.3,97.5,78.7,108,88.8,73.8,94.6
"historical",1931,85.8,105.1,80.4,87.6,91.3,117.3,74.7,73.3,82.6,83.9,116.7,110.3,91.5,85.8,100.6,87.4,109.6,86.2,81.3,92.2
"historical",1932,88,93.8,78,91.1,109.1,130.1,100.6,99,79.3,82.8,90.6,123.3,115.2,89.4,104.2,83.6,96.4,105.7,83.4,97
"historical",1933,93.3,121.5,74.4,97.8,114.7,127.1,109.7,116.1,79.8,75.3,100.4,118.3,147.2,87.8,100.4,89.2,93.1,126.8,71.1,102.3
"historical",1934,103,123,109,91,103.3,110.3,78.1,95.2,84.4,66.3,115.2,133.4,111.4,77.6,93.4,94.2,99.6,84.2,69,96.9
"historical",1935,93.6,110.8,117,94.8,120.2,118.4,87.1,113.6,87.8,73.8,108.6,86.2,58.8,90,92.7,99.4,102.2,90,78.1,96
"historical",1936,97.1,94.6,83.9,92.1,114.6,108.8,69.7,89.4,83.5,107.7,99.6,108.2,80.7,79.8,63.2,97.2,116.6,112.3,80.3,93.6
"historical",1937,106.9,123.7,80.2,95.4,109.8,121.7,95.2,111.9,86.7,81.3,100.2,142.2,114.2,98.6,67.5,80.6,104,92.7,84.2,99.8
"historical",1938,95.9,136,83.4,91.2,104.7,114.6,99.6,126.2,86.5,73.8,89.5,117.2,131.5,89.2,103.1,76.4,90.5,110.6,89.7,100.5
"historical",1939,104.5,100.1,90.5,86.9,111.4,116.6,64.7,95.3,99.1,80.7,94.5,109.2,79.3,90.5,87.5,79.8,124.9,97.5,83.8,94.6
"historical",1940,94.6,108,104.5,91.5,121.7,111,103.8,103.8,79.8,82.1,100.1,106.3,73.1,92.5,86.1,102.7,109.8,77.7,74.9,96
"historical",1941,94.2,128.7,101.6,85.7,111.3,101.8,80.1,120.3,83.1,69,71.5,118.3,104.9,80,104.7,93.8,108.4,111,75.6,97.1
"historical",1942,93.6,107.5,78,95.4,124,123.2,89.6,112.3,88.4,85.9,99.1,131.5,107.7,70.2,86.2,79.7,122.7,98.6,80.2,98.6
"historical",1943,81.7,138.6,74.8,94,92.1,105.7,75.3,118.7,81.8,77,102.8,126.4,101.9,81.3,88.1,95.9,99,93.3,77.3,95
"historical",1944,88.1,153.2,90.3,92.7,96.9,112.1,86.1,120.9,88,81.6,91.9,103.6,65.2,84.6,95.3,84.4,74.6,88.4,77.2,93.4
"historical",1945,99.9,141.9,97.8,92.4,114.6,109.2,83.9,112.5,78.1,68,91.2,97.5,101.5,89.2,93.2,105.9,99.6,84.5,71.6,96.4
"historical",1946,102.9,112.7,102.9,84.5,103.8,113.8,68,92.1,81.6,80.7,104.6,125.3,108.2,89.7,95.3,89.3,116.7,107.5,71.3,97.4
"historical",1947,92.4,110.6,88,94.5,110.9,116.1,89.3,110.4,83.3,57.1,89.1,113.3,112.9,84.2,85.7,103.2,106.4,109.9,92.1,97.3
"historical",1948,80.8,105.1,114.4,85.2,121,121.8,52.6,94.7,98,86.8,103.7,110.7,84.1,94.7,84.2,82.2,95.8,100.6,84.8,94.8
"historical",1949,92.7,116.4,88.2,100,106.3,126.1,84,100.6,83.3,79.7,104.8,129.5,99.5,90.2,98,97.6,109.9,94.3,66,98.3
"historical",1950,92,112.2,116,74.7,102.2,103.4,88.9,106,86.7,91.5,97.1,115.2,92.8,88.8,96.6,100.2,125.8,90,67.3,97.2
"historical",1951,95.8,128.1,104.6,92.5,119.5,115.2,87,87.8,93.8,98.4,94.4,128.1,96,84.2,89.7,80.4,94.2,116.6,64.7,98.5
"historical",1952,83.3,111.6,97.5,101.1,101,107.5,81.4,93.7,82.7,74.2,88.2,127.5,135.8,98.5,99.6,105.9,99.2,88.7,67.9,97.1
"historical",1953,96,95.9,107.5,95.8,100.9,112.2,74.7,98,79,61.4,83.6,112.8,74.9,101.2,95,88.2,116,89,83.3,92.9
"historical",1954,85.4,100.7,78.5,71.1,113.7,127.3,85,91.8,82.4,66.1,114.4,131.2,76.6,100.6,70,85.9,89.7,96.8,73.4,91.6
"historical",1955,97.8,74.7,95.3,84.5,96.3,103,86,103.6,79.4,90.8,98,119,101.8,87.1,99.8,84.2,116.9,102.1,70.6,94.3
"historical",1956,83.4,119.3,121.5,79.7,102.9,119.2,89.5,97.2,74.3,82.1,107.8,133,107.8,80.6,106.4,91.3,108.6,88.2,79.4,98.5
"historical",1957,92.8,99.1,102.2,82,118.1,103.5,54.4,122.2,79.7,80.7,96.1,116.2,79.1,100.5,97,106.9,114.8,64.4,82.6,94.3
"historical",1958,86.9,120.3,123.1,94.2,117,119,75.8,122.3,81.5,76.1,107.4,126.2,97.7,65.5,89.6,88.6,103.4,95.7,69.4,97.9
"historical",1959,85.7,73.4,116.7,74.8,105.8,110.9,74.6,73.1,75,74.9,103.4,131.4,90,85,91.4,84,101.7,118,74.2,91.8
"historical",1960,100.4,137,84.4,83.4,103.7,127.4,88.2,103.5,70.2,64,105.8,117.2,133.8,81.5,117.7,79.4,107.8,89.8,73.4,98.3
"historical",1961,108.1,129.4,98.1,88,125.4,120.6,83.8,76.5,85.6,65.3,80.4,118.5,126.8,96,103.3,84,85.3,103.8,74.5,97.5
"historical",1962,91.4,104.4,57.1,90.9,111.4,101.4,63.3,103.1,73.1,80.8,97.7,112.2,109.6,88.6,86.3,110.4,100.9,88.3,70.3,91.6
"historical",1963,103.1,94.6,98.8,88,99.3,127.6,87.6,113,95.4,83.8,97.6,108.4,72.8,78.4,94.6,97.7,111.4,97.6,86.3,96.6
"historical",1964,86.6,96.5,122.6,89.3,113.7,111.4,69.7,121.9,89.7,82,109.1,104.1,96.8,81.3,92.4,99.2,93.2,107.4,74.5,96.9
"historical",1965,83.2,119.9,105.6,93.8,119.5,127.5,92.3,132,73.1,60.3,123.1,126.6,99,95.6,109.1,86.8,117,82.6,65.3,100.6
"historical",1966,98.1,111.9,81.5,96.6,96,129.7,85.2,96.4,78.5,83.3,106.7,135.1,103.5,94.5,99.8,108.8,97.1,98,82.5,99.1
"historical",1967,95,105.8,99.7,90.9,115.4,108.8,85.4,83.6,87,81.8,95.5,114,103.7,85.1,105.5,91.6,116.1,93.1,77.6,96.6
"historical",1968,90.6,113.6,77,94.3,108.6,106.7,74.9,95.5,90.7,71.2,105.6,124,82.1,98.6,103.1,87.6,112.7,94.9,68.3,94.7
"historical",1969,102,96.7,72.5,90.5,117.8,124.8,87,122,84.6,81,116.1,121.9,94,72.1,98.2,77.4,92.9,95.9,78.4,96.1
"historical",1970,97.6,69.7,108.1,85.7,114.6,116,79.5,109,87.6,78.4,96,121.4,111.3,89.4,85.9,80.1,103.6,89.3,72.5,94.5
"historical",1971,103,129.8,71.5,69.8,116.8,104,72.9,102.9,89,76,102.8,105.2,87.1,93.5,72.9,76.2,136.7,89,80.7,93.7
"historical",1972,97.2,124.8,72.4,96.4,117.9,121,85.1,125.9,85,74.8,101.5,109.1,77.3,75.4,94.3,98.1,109.5,108.3,81.7,97.7
"historical",1973,85.6,123.2,93.4,88.7,101.8,107,97.7,102.3,71.4,76.2,96.3,132.1,100.8,76.9,102.7,83.4,103.9,105.4,82.7,96.4
"historical",1974,100.7,109.3,64.1,94.8,109.7,120.1,88.6,87.4,77.3,74.1,100.8,115.3,115.9,85.5,74.3,79,93.1,94.6,76.3,92.7
"historical",1975,86.7,84.8,84.4,85.4,101.7,120.2,73.1,78.6,80.4,71.4,93.8,128.9,84.7,91.7,93.1,76.9,121.4,91.4,78.7,90.9
"historical",1976,96.8,110.7,74.1,92.8,106.6,123,77.5,109,74.4,65.4,114.3,133.4,111.8,84.3,88.1,98.6,84.2,87.1,94.1,96.1
"historical",1977,92.3,74.6,114.6,96.8,122,108.5,75.6,78.6,81,87,107.1,125.6,100.4,73.7,82.4,86.6,99.8,90.3,70.3,93
"historical",1978,85,123.5,93.8,87.2,115.4,114.2,79,93,82,66,104.2,134.3,107.2,87.7,95.7,86.2,98.7,100.6,63.7,95.7
"historical",1979,92.1,86.5,103.4,73.1,106,122.1,102.2,100.1,85.1,71.6,116.4,127.3,87,88.2,89,81.2,97.3,103.7,66.2,94.7
"historical",1980,90.8,139.3,106.8,82.1,118.1,122.6,75.9,132.7,81.3,86,110.6,127.3,92.9,83.5,77.5,84.6,85,101.8,77.2,98.7
"historical",1981,90.4,102.1,102.5,96.9,112.7,126.5,78.7,97.8,70.3,86.2,103.8,105.5,83.4,93.9,96.4,75.9,133.1,101.3,91.9,97.3
"historical",1982,91.9,123.4,75.2,88.1,114,109.9,66.9,111.9,84.4,58,101.6,115.4,110.6,82.9,81.3,99.2,91.2,78.8,74.3,92.6
"historical",1983,90.3,129.2,84.2,78.1,100.7,110.2,83.5,108.3,89,72.9,97.8,135.1,106.6,85.3,85.2,77.5,131.7,98.8,70.7,96.6
"historical",1984,97.2,108.2,86.9,93.8,97.6,121.7,69.4,101.4,86,70.5,95.9,125.6,96.3,84.9,79.5,76.3,89.9,75.8,72.7,91
"historical",1985,99.7,117.3,86,87,109,134.9,62.4,84.5,84.6,83.8,92.1,109.7,72.4,88.9,85,86.4,75.4,96.4,68.4,90.7
"historical",1986,99.3,115,85.5,79.3,110.8,105.2,84.8,67.3,87.8,81.6,84.8,122.2,81.4,83.8,99,84.2,80.7,104.4,72.8,91
"historical",1987,95.3,95.8,66,92.8,115.5,113.1,80.4,116,55.7,64.8,104.9,132.6,95,89.4,99.3,72.8,68.6,91.2,80.1,91
"historical",1988,89.7,100.1,117.7,79.2,112.7,110.1,78,108.3,85.2,74.6,98.4,109.7,78.9,78.1,99.1,85.8,112.8,91.2,83.6,94.4
"historical",1989,86.9,97.7,93.9,93.4,105.9,106.4,86.3,112.7,89,69.9,100.4,112.9,85.4,86.8,95.1,91.9,89.8,82.9,74.7,92.7
"historical",1990,99.1,77.2,79.8,96.6,129.3,128,90.9,90.6,83.2,80.1,89.7,111.7,86.6,97.4,95.4,94.6,95.8,73.4,71.3,93.2
"historical",1991,90.1,113.3,71.3,67.4,125.3,136.3,57.2,99.1,92.5,83,92.3,126,85.5,90,96.6,96.3,85.2,82.2,77.9,93
"historical",1992,86.4,105.8,66.1,87.5,108.7,121.3,62.9,108.4,72.5,74.2,97.1,116.4,86.8,79.5,103.9,92.6,80.6,86.4,75.2,90.1
"historical",1993,96,107.9,97.1,95.3,117.4,102.7,79.6,90.7,66.2,75.6,99.9,128.3,102,76.5,96,89.2,86.1,85.9,76.5,93.1
"historical",1994,82.8,104.6,69.9,103.2,115.6,115.2,86.1,106.4,75.8,79,95.9,106.3,114,86.1,79.9,81.1,126.8,106.8,79.7,95.5
"historical",1995,95.2,75.8,81.9,106.4,113.3,107.1,70.2,119.9,77.4,94.7,97.1,114.4,98.8,96.4,99.3,106.7,74.2,107.8,88.2,96
"historical",1996,96,138.6,93.4,90,112.8,133.1,100.4,104.5,79.6,63.8,94.5,139.4,117.4,86.5,80.5,87,91.7,91.4,88.3,99.4
"historical",1997,96.6,113.1,93.5,96.1,112.6,116.1,68.9,101.1,87.2,86,106.6,130.9,81.2,82.5,95,94.1,111.8,104.7,74.9,97.5
"historical",1998,84.4,139.7,100.5,92.8,110.2,133.3,84.9,110.1,77.7,59.7,122.8,145.3,89.3,77.9,94.9,88.5,97.9,111.6,76.8,99.9
"historical",1999,87.3,120,93.7,86.2,115.6,124.3,103.4,76.6,79.2,90.7,112.8,111.1,98.8,83.2,81.4,89.9,102.4,94.5,88.8,96.8
"historical",2000,87.2,120.6,86,101.2,109.1,117.9,72.6,109.4,76,86.9,109.7,119.9,154.2,94.6,102.3,93.2,95.3,93.7,78.9,100.5
"historical",2001,93.1,136.1,91.9,76.8,116.2,139.4,63.1,109.4,88.8,89.6,110.4,123.9,100.9,87.9,96.1,98.8,105.1,91.4,88.7,100.4
"historical",2002,94.8,122.4,116.9,111.2,114.2,132.6,63.3,91.6,76.7,83.8,99.3,119,68.9,88.9,121,84.8,139.2,93.3,86.5,100.4
"historical",2003,93.3,104.3,103.7,79.3,115.6,116.7,73.5,130.8,95.5,70.2,78.3,113.9,85.2,88.1,88.4,104.9,99.3,103,75.1,95.7
"historical",2004,83.7,88.3,128.3,95.2,131.3,122.6,68,140.5,82.6,69.5,102.6,118.2,107.8,78.9,89,90.4,93.2,108.4,84.9,99.1
"historical",2005,81.3,94.7,88.1,99.2,105.7,126.3,62.3,101.1,87.5,93.5,108.2,108.4,146.9,82,86.7,95.1,104.3,107.5,95.3,98.6
"historical",2006,85.8,106.5,65.8,104.4,119.6,107.1,73.1,96.5,90.8,100.6,106,126.7,89.6,91.4,91.8,81,93.5,81,82,94.4
"historical",2007,99.3,93.8,99.5,77.8,122.8,109.3,96.1,115.2,85.9,64.6,117.3,136.7,86.5,81.5,83.8,95.9,102.4,111.1,71.6,97.4
"historical",2008,87.8,142.4,86.9,79.1,118.3,126.1,72.1,103.6,93.2,96.8,93.9,113.9,140.7,92.2,105.1,85,82.8,108.9,75.8,100.2
"historical",2009,90.8,129.4,90.5,100.4,119.2,121.7,78.1,86.8,78.6,58.4,113,117.3,113.1,73.6,105.7,99.7,91.2,127.9,82.8,98.9
"historical",2010,102.8,128.2,74.9,88.3,116.6,108,87.9,118.5,78.5,93.9,106.7,114.7,94.1,80.3,79.8,86.1,101.2,94.6,77.4,96.4
"historical",2011,86.7,139.3,81,107.6,120,124.4,83,122.8,87.7,89.3,112.7,111.9,107,94.2,68.3,96.6,100.3,110.2,83.3,101.4
"historical",2012,91,123.6,77.2,95.4,101.1,108,84.6,110.5,83.8,85,119.2,123.9,85.8,101,101.2,97.9,113.1,99.1,79.7,99
"historical",2013,96,105.5,78.4,98.6,112.5,100.8,83.8,87.2,74.1,44.2,103.1,111.2,93.4,83.3,89,92.1,102.8,91,94.9,91.7
"historical",2014,113.2,114.1,116.5,104,106,115.5,61.3,116.5,92.1,63.6,106.5,123.6,103.1,102.3,70.9,89.4,112.8,106.7,71.3,99.4
"ssp126",2015,92.3,92,155.9,90.5,128.4,117.8,78.4,111.7,74.1,117,79.3,163.9,73.8,93.7,66.7,97.3,98.2,96.7,70.6,99.9
"ssp126",2016,90.3,133.7,77.9,85.4,91.1,93.4,77.2,90.3,81,88,134.3,120.3,92.2,96.7,114.2,97.5,144.6,93,71.7,98.6
"ssp126",2017,90.6,101.1,112.5,92.8,120.3,108.7,89.7,81.2,95,63.4,120.2,106.1,111.8,87.3,68.5,88.7,133,55.4,84.9,95.3
"ssp126",2018,94.8,59,83.9,99.1,123.2,120.8,86.7,152,98.7,80.6,122,135.6,80.9,106,95.6,112.6,77,104.2,93.3,101.4
"ssp126",2019,103.7,105.3,74,85.6,103.2,115.7,79.5,105.7,80.7,96.3,162,152.7,104.5,90.7,94.8,76.7,72.5,113.1,81,99.9
"ssp126",2020,93.2,83.7,98.9,112.2,118.7,112.7,73.8,76,85.8,74.4,134.9,102.4,161.8,77,104.7,95.5,102.5,77.3,68.6,97.6
"ssp126",2021,86.5,131.7,69.6,96.8,112.7,168.3,83.6,77.5,55.9,74.6,134.3,133.4,135.7,79.8,147.2,96.5,73.7,93.7,58.7,100.5
"ssp126",2022,91.1,71.7,160.7,101.9,118.8,102.8,104.8,73.9,91.4,72.1,118.2,102.1,99.9,99.3,100.4,77.1,52.5,125.3,95.1,97.8
"ssp126",2023,88.1,74.5,82.4,111.1,95.4,101.3,83,127.7,81.4,41.5,76,108.8,86,82.7,74.3,89.7,71,80.7,96.5,87
"ssp126",2024,95.4,63,92.8,86,114.3,123.7,77.7,126.4,77.9,97.6,23.1,122.8,118.9,102,97.5,88.1,54.8,83.3,57,89.6
"ssp126",2025,83.2,130.6,126.4,110.6,103.1,115.8,93.5,140.1,80.8,53.8,91.2,108,87.8,93,74.7,105.2,100.3,81.8,66.4,97.2
"ssp126",2026,98.5,79.8,92.6,89.2,88.7,113,78.4,138.9,97,60.8,158,156.3,86.4,80.5,82.8,86.3,118.9,88.7,74.6,98.4
"ssp126",2027,83.3,75.2,82.1,93.9,111.8,124.1,78.2,116.3,78.5,57.6,104,126.1,55.7,88.4,85.6,82.8,87.5,112.8,77.7,90.6
"ssp126",2028,107.9,129.5,77.7,93.4,121.9,128.5,80.4,92.1,103.1,62.8,130.3,125.4,58.8,95.9,72.8,91.8,172.7,117.7,64.3,101.4
"ssp126",2029,97.8,103.3,143.5,100.7,122,102.3,67.3,132,93.9,65.1,85.1,164.5,45.1,84.9,90.7,76.9,81.6,93.4,93.2,97
"ssp126",2030,100,64.2,86.9,104.3,140.6,140.1,69.8,122.2,84.8,41.8,107,137.2,127.2,91.5,147.8,85.3,115.2,89.7,77,101.7
"ssp126",2031,88.5,121.4,85.8,89.1,132.9,117.9,106.7,153.8,88.7,82,48.9,121.8,191.1,85.5,109.8,85.2,127.6,90.8,78.6,105.6
"ssp126",2032,93.8,119.8,82.7,115.5,134.6,98.3,67.9,131.9,81.6,43.2,119.9,120.2,82.5,94.5,119.1,91.7,177.5,62.6,89.5,101.4
"ssp126",2033,117,156.5,71,87,127.3,124.1,69.5,92.8,94.6,131.9,111.1,141.3,110.2,100.4,80.5,91.4,118,144.9,92.1,108.5
"ssp126",2034,82,67.6,89.1,108.4,132.3,128.2,105.2,85.4,86.5,60.1,99.6,150.1,83.5,100.6,136.4,114.2,83.8,97.5,56.5,98.3
"ssp126",2035,103,138.9,101.4,88,142.3,123.3,95,128.4,85.5,71.7,83,131.1,82.2,75.5,100.8,90.9,119,81.9,80.9,101.2
"ssp126",2036,80.4,93.3,88.3,83.4,101.9,125.2,100.5,105.3,81.8,100.2,91.6,144.2,129.8,102,63.7,89.9,108.4,151.9,95.1,101.9
"ssp126",2037,105,44.2,69.9,81.2,98.9,122.1,67.7,105.2,77.6,55.2,114.9,116.9,128.5,96.4,88,100.6,81.5,83.3,86.9,90.7
"ssp126",2038,85.2,98.6,117,100.7,115.6,132,89.6,132.3,96.9,132.2,94.7,141.7,72.1,87.3,81.9,95.8,128.2,85.7,81.5,103.6
"ssp126",2039,87.7,159.5,17,111.5,136.3,124.5,86.1,67.3,90.1,73,93.4,110.1,106.4,73.2,126.8,99,78.9,88.2,77.8,95.1
"ssp126",2040,99.4,148.8,121.5,94.1,112.5,133.3,86.1,127.7,78.8,84,62,139.7,121,86.7,101.3,109.2,103.1,114.9,75.9,105.3
"ssp126",2041,84.7,127.7,114,109.8,151,126,74.3,85.1,90.2,69.8,104.8,113.1,79.7,75.9,93.2,78.6,176.9,132.9,67,102.9
"ssp126",2042,86.6,150.8,84.2,113.2,142.3,104.9,73.7,123.6,88.8,55.9,130.4,108.2,82.4,85.5,116.7,91.3,130.7,112.4,84,103.5
"ssp126",2043,91.8,99.3,151.8,91.7,108,118.5,69.2,117.6,108.2,69.2,132.8,147.6,80.7,86.7,95.9,104.5,88.8,103.4,72.5,102
"ssp126",2044,83.9,194.8,149,114.6,121.2,144,78.9,131.2,85.2,68.1,137.8,154.8,102.6,89.8,121.5,94.2,104.9,112.9,98.6,115.2
"ssp126",2045,87.7,144.5,76.8,102.2,93.2,138.3,96.8,107.9,93.6,59.1,107.2,114.2,136.8,74.9,125.9,99.2,119.7,114.4,85.9,104.1
"ssp126",2046,110.1,111.8,28.6,103.2,118.5,138.2,76.7,134.9,88,96.3,113.2,109.2,72.7,79.4,90,98.2,101.8,107.2,79.1,97.7
"ssp126",2047,95.7,126.2,75.3,94.5,121.8,129.9,109.1,80.2,81.3,98.7,115.9,136.6,91.9,77.3,98.8,103.2,138.6,120.9,69.1,103.4
"ssp126",2048,95.4,80.6,130.9,100.8,106.1,112.1,83.8,85.4,86,60.2,85.3,100.6,88.6,89,92.5,91.6,83,71.5,99.8,91.7
"ssp126",2049,99.4,126.2,73.7,101.3,118.1,80.3,81.6,104,84,73.8,105.5,152.4,133.8,90.5,82.7,100.1,84.9,110.6,87.9,99.5
"ssp126",2050,102.5,94.7,92.6,96.3,144.1,129.3,57.3,133.2,95.5,86.8,109.9,133.4,104.6,89.9,122.1,98.3,87.2,78,77,101.7
"ssp126",2051,97.2,57.8,46.3,96.2,107.8,149.9,87.7,99.9,87.4,37.6,120.8,152.9,89.5,84,82.9,99.2,173,105,80.3,97.7
"ssp126",2052,93.2,137.8,85.1,92.8,124.6,128.5,97.9,109.3,90.5,85.8,132.2,115.8,164.6,99.3,84,93.7,151.9,116.4,64.4,108.8
"ssp126",2053,89.3,70.2,85.8,102.2,105.2,111.4,64,114.6,99,90.1,118.1,119.1,156.3,81.2,59.4,113.7,90.4,109,82.6,98
"ssp126",2054,84,126.4,58.6,98.6,107.5,127.9,78.2,119.9,99.8,74,152.6,136.6,131.7,87.7,51.8,85.8,99.4,119.6,66.7,100.4
"ssp126",2055,97.1,118,72.9,116,123.3,130.5,83.1,137.4,72.5,67.5,99.4,175.3,51.6,91,157.4,86.8,125.9,85.4,105.9,105.1
"ssp126",2056,103,103.7,175,89.1,120.3,121.2,70.7,109,76.6,133.9,135.8,113.6,64.2,89.7,94.6,101.3,114.2,112.3,70.2,105.2
"ssp126",2057,101.5,120,108.7,99.3,113.5,153.3,74,41.5,89,75.1,91.3,129.5,114.7,104.3,74.7,101.5,111.3,147.8,84.6,101.9
"ssp126",2058,101.7,139.4,151,89.3,111,132.6,77.8,74.8,81.9,65.3,111.6,117.6,66.7,99.4,93.1,116.3,85.5,100.8,63.5,98.9
"ssp126",2059,98.5,119.9,117.5,96.5,129.8,119,96.5,127,97.4,85.3,139.4,108.1,154.7,92.2,103.3,85.8,138.7,104,81,110.2
"ssp126",2060,96.8,116.5,78.2,108.9,131.7,149.5,81.2,93.8,100.7,81.9,88.6,138.1,126,78.8,91.9,100.4,89.2,83.6,88.5,101.3
"ssp126",2061,92.6,98.3,107.1,110.1,126.9,109.5,94,79.3,74.1,97.5,117.6,151.2,105.2,85.1,90.6,103.1,142.5,80.3,91.4,103
"ssp126",2062,73.2,79.1,86.1,94.8,142.7,116.8,81.8,93.7,88.4,56.6,62.4,96.9,105.6,104,105.2,91.5,150.8,91.8,87.8,95.2
"ssp126",2063,86.8,139.5,69.5,106.9,138.5,139.1,85.5,81.3,96.9,66.4,78.5,119,104.1,94.9,147.1,103.6,97.1,87.3,82.9,101.3
"ssp126",2064,93.2,163,138.7,108.6,129.9,134.4,76,86.7,105.2,77,165.5,136.5,73.2,98.4,77.4,103.6,94.1,87.4,79.6,106.8
"ssp126",2065,93.2,95.8,68.4,108.2,116.4,116.1,79.7,136.6,70.6,154.8,189.6,120.8,113.2,95,92.9,88.4,114.6,101.8,88,107.6
"ssp126",2066,90.2,76.1,119.5,94.1,132.7,111.6,83.1,92.4,87.9,88.5,89.8,131.2,124.3,82.5,113.7,91.5,176.4,88.3,90.4,103.4
"ssp126",2067,83.2,107.7,119.7,101.9,115.8,116.8,88,146,97.6,98.3,114.7,168.6,47.3,87.4,80.9,89.4,171.2,94.7,59.8,104.7
"ssp126",2068,110,121.3,89.2,106.4,122.7,116.4,79.8,84.5,91.3,55,123.4,142,75.9,84.6,125.4,100.6,156.1,122.6,88.8,105.1
"ssp126",2069,102.9,99.4,77.6,110,126.5,104.9,88.9,143.7,88.3,61,149.9,102,156.8,96.9,80.6,91.2,104,110.6,77.5,103.8
"ssp126",2070,93.9,94.3,54.7,92.3,118.5,99,88.5,168.2,91.7,82.6,110.5,120.7,157.7,85.5,93.3,96.5,104.5,117.2,87.4,103
"ssp126",2071,95.2,48.2,42.8,98.5,131.6,138.8,74.3,75.6,84.4,90.5,61.6,143.1,124.6,75.4,69.5,87.2,121.6,105.8,70,91.5
"ssp126",2072,98.2,96.1,90.9,95.5,122.3,107.4,81.2,122.2,87.9,61.9,40.4,109,74.6,94.9,97.7,82.7,70.8,123,95.1,92.2
"ssp126",2073,90.7,121.9,36.7,112.6,123.1,118.5,87.1,75,86.6,79.6,63.1,141.4,118.9,78.8,97.8,103.5,125.5,83.5,89.3,96.5
"ssp126",2074,95.9,10,114,105,118,126.3,67.2,134.1,85.3,99.9,143.4,129.1,91.2,89.8,86.2,101.7,143.2,100.1,88.8,101.5
"ssp126",2075,84.5,112.4,76.3,95.6,132.2,137.4,81,51.4,72.8,67.1,126.1,111.6,145.1,98.8,68.2,87.2,89.9,64.8,67.2,93.1
"ssp126",2076,99.6,154.5,47.5,99.1,122.6,106.2,93.6,132.2,84,101,120.3,131.1,95,95.3,102.3,98.9,77,120.2,75.2,102.9
"ssp126",2077,125.9,167.8,91.8,114,101.2,105.3,76.9,139,80,67.6,63.5,120.6,107.2,94.5,121.7,97.9,121.9,110.6,91.9,105.2
"ssp126",2078,96.5,81.5,98.2,97.7,133.9,143.1,77.4,136.6,102.9,58.8,98.7,121.9,79,97.1,110.2,93.4,125.1,77.7,71.7,100.1
"ssp126",2079,85.1,114.5,83.7,114.3,111.9,132.2,89.7,93.8,69.3,145.5,160.7,111.7,75.3,91.2,78.5,92.5,137.9,71,86.2,102.4
"ssp126",2080,97.8,104.7,125.8,121.1,121.9,122.5,73.3,65.3,94.9,61.6,147.1,104.5,90.6,84.3,75.9,109.7,125.1,106.6,100,101.7
"ssp126",2081,99.1,106.7,143.3,97.7,109.2,165.7,73.7,103.1,102.4,47.8,116.9,109.8,148.4,88.9,88.8,97.2,114.3,90.3,86.2,104.7
"ssp126",2082,96,199.1,107.1,103.4,125.8,128.9,77.3,119.9,89.2,54.9,97.4,94,89,108.2,97.9,83.5,129.4,107.1,64.4,103.8
"ssp126",2083,79.8,106.3,114.1,100.8,126.8,113.9,75.1,131.8,94,118.6,97.1,138.1,153.6,93.5,108.7,86.2,103,84.4,122.8,107.8
"ssp126",2084,89.1,118.6,66,120.7,143,140.9,63.4,100,87.5,96.2,106.8,141.7,106.2,95.6,97,85.2,131.8,96.3,67.8,102.8
"ssp126",2085,91.3,109.7,130.4,90.5,141.2,151.6,98.2,93.9,78,84,91.2,116.7,95,87.7,117.6,99.5,100.5,68.9,67.8,100.7
"ssp126",2086,101.8,90,50.3,97.7,93.5,101.2,86.4,141.7,92.1,38.5,152.9,110.4,145.2,84.1,89.4,84.3,193,52.2,75.4,99
"ssp126",2087,97.3,162.6,88.8,102.1,154.5,133.2,78.4,93.8,90.2,71,125.1,122.9,130,87.3,87,98.5,68.8,67.8,86.2,102.4
"ssp126",2088,103.5,79.4,103.9,104.7,127.9,90.5,68.7,101.4,78.4,123.8,111.8,144,54.2,103.8,139.9,78.3,139.9,112.9,60,101.4
"ssp126",2089,96.2,65.7,117.2,114.9,121.1,132.7,86.8,101.2,94.8,64.7,122.7,121.6,101,105.8,126.7,74.7,91.1,129.2,74,102.2
"ssp126",2090,108.9,73.2,67.8,98.3,143.1,137.1,68.7,108,70.7,68.7,81.6,89.7,78.5,77.2,115.3,90.9,110.2,85.2,83.8,92.5
"ssp126",2091,93.7,134.3,48.9,90,154.2,110.7,74.8,101.5,78.5,95.2,114.4,135.7,76.6,86.7,113.7,88.4,85.6,99,101.6,99.1
"ssp126",2092,97.9,137.6,138.4,97.7,153.3,143,110.3,76.1,87.2,103.7,175.7,140.2,88.4,103.3,101.3,104.3,72.6,122.6,71.1,111.8
"ssp126",2093,100,97.8,85.6,97.7,154.8,96.9,57.8,110.8,83.6,81,132.9,112.8,105.1,83.6,70.6,89.9,106.7,97.9,64.4,96.3
"ssp126",2094,99.7,100.4,89,95.8,127.4,147.9,90.7,93.6,81.4,75.8,60.6,148.1,108.7,88,95.1,99.6,72,76.3,90.1,96.9
"ssp126",2095,105.6,69.7,108.6,102.9,120.5,91.6,78.5,84,97.3,56.8,151.1,135.8,107.7,94.8,102.8,84.2,168.8,98.7,84.5,102.3
"ssp126",2096,99.4,134.5,101.7,94,128.6,107.1,78,58.9,77.4,99.6,99.3,133.4,58,105.4,107.1,97.8,177.1,93.2,63.3,100.7
"ssp126",2097,97.8,78.8,103.5,102.2,129.8,131.3,100.1,111.1,85.2,40.4,131.4,143.8,59.9,89.9,116.6,91.9,77.6,123.3,79.1,99.7
"ssp126",2098,93.1,153.2,56.5,98.3,138.5,128,95.8,73.6,69.4,77.2,104.6,137.5,132.5,90.2,100.2,93.9,57.9,104.4,67.4,98.5
"ssp126",2099,104.1,64.5,103.9,114.3,118.2,115.9,90.1,87.3,90.2,114.4,125.2,133.9,124.9,91.3,64.3,96,102.7,82.1,81,100.2
"ssp126",2100,114.9,128.5,110.7,94.7,107.3,115.8,64,63.7,89.8,83.9,65.2,124.2,85.6,99.7,102.8,85.2,90.6,117.6,69.4,95.5
"ssp245",2015,90.5,97.9,101.4,93.3,111.5,143.2,77.8,115.6,83.7,61.7,113.5,99.1,102.7,112.2,113.8,89.9,99.7,70.1,72.9,97.4
"ssp245",2016,102.7,130.1,68,99.3,122.2,97.9,94.8,96.1,90.9,133.4,69.9,127.8,89.5,107.3,97.8,91.3,108,82.9,72.2,99.1
"ssp245",2017,97,87.8,118.4,100.3,112.7,108.3,80.4,105.7,86.5,99.8,96.7,117.1,144.9,89.7,103.2,97.8,111.9,142,71.7,103.8
"ssp245",2018,91.6,122.3,55.2,110.1,120.4,107.9,96.5,71,83.2,75.7,93.4,107.9,103.6,75.1,103.2,99.3,68.7,107.8,92.7,94
"ssp245",2019,98.8,161.9,81.8,104.5,145.6,106.3,107.8,96.7,77.2,56.7,123.7,114,98.2,65.3,102.7,83.1,103.8,120.3,63.9,100.6
"ssp245",2020,98.5,183.3,90.8,93,103.6,113.9,85.7,125,83,106.7,62,115.4,152.9,73.1,103,103.2,117.2,80.4,79.9,103.7
"ssp245",2021,89.9,181.8,68,100.1,97.6,86.8,87.2,112,77,44.1,138.7,111.6,61.1,82.3,97.9,93.1,98.2,63.3,86.9,93.6
"ssp245",2022,105.9,88.2,93.3,98.5,132.4,105.4,86.2,110.2,90.2,93.5,84.4,142.4,69.5,86.6,96.2,83.7,46,98,62.5,93.3
"ssp245",2023,105.9,107.5,74.4,82,143.4,122.1,76.5,111.9,92.6,102.1,92.7,143.8,57.4,101.2,107.8,85.6,105,85.7,82.6,99
"ssp245",2024,103.1,150.1,134.9,97.1,120.6,120.8,98.6,96.7,86.7,82.1,105.2,130,110.6,77.7,85.1,93.2,117.7,90.3,81.8,104.3
"ssp245",2025,107.1,128.5,101.1,99.9,121.2,91.9,85.1,97.4,76,106.3,122.2,128.7,101.8,92.8,96.6,90.8,69.6,95,80,99.6
"ssp245",2026,110,142.8,72.1,101.5,105.7,122.8,75.7,97.6,98.7,70.5,154.1,119.8,117.4,89.5,100.1,93.8,104.8,132.8,75.5,104.5
"ssp245",2027,90.1,100.6,73,83.2,112.1,108.2,72.5,106.7,86.7,87.1,88.4,129.6,64,129.5,105.8,98.2,73.7,126.7,79.7,95.6
"ssp245",2028,98.1,136.6,129.8,105.6,141.9,127.2,73,87.4,84.4,79.9,146.1,135.9,75,77.2,70.9,110.2,100.2,91.4,100.5,103.8
"ssp245",2029,84.8,162,91.5,84.7,118.8,109.6,95.1,109.4,85.3,109.7,153.9,146.8,52,64.6,62.5,97.4,74.8,98.7,76.8,98.9
"ssp245",2030,88.7,55.3,127.9,107,126.7,147.2,84.4,134.3,84.9,93.5,129.2,106.8,66,74.8,78.2,100.1,85.5,79.3,93.2,98.1
"ssp245",2031,106.8,84.2,111,100.2,143.2,94.3,69.7,126.7,84.8,106.4,89.3,119,79.7,72.5,110.3,99.2,103.3,71.2,80.7,97.5
"ssp245",2032,90.1,114,131.6,111.7,108,116.1,74.6,107,89.3,54.2,130.8,142.4,150.4,116.6,102.4,94.2,168.1,75.2,79.9,108.2
"ssp245",2033,98.4,57,84.4,98.1,126.1,105.3,90.5,106.6,95.9,93.5,116.4,120.2,81.7,104.7,129.7,97.7,100.4,88.5,80.1,98.7
"ssp245",2034,97.3,166.3,93.7,104.7,129.9,108.1,73.9,94.8,81.4,60.4,159.6,109.3,50.5,91.6,89.8,96.9,119.5,127.3,79.6,101.8
"ssp245",2035,96.8,61.2,167.1,94.1,115.4,112,64.1,101.8,84,87.6,80.2,123.3,98.8,89.5,100.5,109.2,101.1,88.2,62.3,96.7
"ssp245",2036,99.5,124.1,62.6,106,114.9,113.4,74,90.2,90.2,128.7,130.9,143.6,55,94.4,96.2,93.6,179.3,131.7,70.3,105.2
"ssp245",2037,101.2,130.2,96.8,102.8,115.5,106.3,85,103,78.1,65.6,80.7,133.7,95.6,77.8,114.3,96.3,76,86.4,93.3,96.8
"ssp245",2038,96,128.7,122,100.1,139.3,114.4,73.6,106.8,90.8,101.6,101.9,130.4,56.1,77.2,64.8,97.7,66.5,107.6,66,96.9
"ssp245",2039,90.8,157.6,100.9,108.7,121.7,123.1,74.1,108.6,86.2,81.9,89.6,112.7,115.7,75.4,77.3,102.9,88.7,99.3,95.3,100.6
"ssp245",2040,91.1,101,166.9,99.5,99.2,112.1,83.8,86.9,88.9,87.1,134.2,119.8,123.4,77.8,133.6,101.5,132.6,98.4,74.8,105.9
"ssp245",2041,99.3,94.7,66,100.9,91.7,124.8,82.9,122.7,89,113.2,103.9,120.5,104.4,126.1,71.2,90.3,113.6,87.6,73.1,98.7
"ssp245",2042,96.8,145.4,96.9,93.7,134.4,133.6,65.7,134.1,88.3,105.8,132.6,135.6,64.2,137.9,73.2,90.4,132.7,99.3,86.7,107.8
"ssp245",2043,95.9,54,85.7,111.7,128.5,136.3,77.3,124.6,91.6,92,103.3,121.3,99.5,89.3,88,91.6,110.8,104,87.3,99.6
"ssp245",2044,100.6,158.7,117.9,97.5,100.2,128.4,93,71.9,78.6,61.8,115.1,133.1,102.7,81.1,153.2,83.3,133,116.3,95.9,106.4
"ssp245",2045,89.6,102.6,124.6,95.9,111.8,97.4,78.9,98.8,81.2,90.1,96.2,140.2,70.5,64.3,118.7,90.3,95.4,127.3,83.5,97.8
"ssp245",2046,89.4,106.4,127.8,90.6,119.4,106.7,111.5,102.4,77.6,60.5,57.5,135.9,108.6,105.7,113.6,106.3,74.6,104.3,104.2,100.2
"ssp245",2047,94.9,103.2,108.8,88.2,115.2,114.3,79.7,66.1,75.5,56.8,116.9,143.8,93.6,85.5,51.2,104.4,71.5,69.3,84.3,90.7
"ssp245",2048,79.2,101,58.6,105,131.7,133.4,79.5,95.4,83.4,135.5,128.5,113.7,96.6,74.6,78.6,97.2,69.6,125.7,88.1,98.7
"ssp245",2049,80,153.1,95.9,104.5,98.4,119.7,68.3,113.1,84.4,69.5,90.7,132.7,145.3,67.5,104.4,77.5,108.9,95.3,97.2,100.3
"ssp245",2050,91.4,165.6,143.2,99.1,130.7,130.7,66.6,88.4,91,111.8,98.3,118.8,111.2,144,101,120.5,90.7,86.8,73.9,108.6
"ssp245",2051,97.7,95.7,113.7,109.8,129.6,112.5,66.4,113.8,85.8,60.3,81.3,126.4,64.6,145.2,65.2,93.1,139.4,114.4,63.4,98.9
"ssp245",2052,97.4,55.2,66.2,94,113,138.7,77.1,118.5,93,51.4,145.2,131.7,85.6,70.8,71.7,97.9,75.1,82.3,84.2,92.1
"ssp245",2053,102.8,78.6,72.3,107.4,132.2,117.5,96,101.7,94.1,104.6,129.9,97.2,129.7,84.6,93.7,88.8,137.7,108.6,64.8,102.2
"ssp245",2054,89.8,80,144.9,104.1,121.2,120.4,72.7,99.6,88.5,93.9,91.6,130.3,87,98.5,76.9,97.6,121.2,77.2,75.2,98.5
"ssp245",2055,101,112.8,105.1,113.5,156.8,125.4,92.6,122.4,80.7,59,75.5,126.8,55.3,95,131.2,108.1,76,118,82.5,102
"ssp245",2056,102.5,76.6,48.3,88.5,125,128,72.4,100.2,74.5,113.9,92.1,103.3,75.4,97.5,107.1,84.3,82.6,139.7,88.5,94.8
"ssp245",2057,95.3,106.1,83.1,117.6,117.3,132,99.8,120.3,94.2,82.8,135.6,124.3,102.4,78.9,115.7,90.7,65,89.7,94.8,102.4
"ssp245",2058,88.1,112.9,63.7,122,110.6,116.6,98.6,90.9,84.3,54.2,124.4,108.2,135.5,82.2,94,107.2,90.7,87.9,84.9,97.7
"ssp245",2059,88.9,97.2,124.5,106.1,112.4,136.1,97.2,111.5,84.6,95.9,88.9,114.5,81.8,104.7,106.6,114.9,88.4,113.2,61.6,101.5
"ssp245",2060,103.8,93.4,111.9,101,109.3,132.1,61.8,95.9,93,49.9,113.6,128.5,108.9,113,113.4,88.5,120.1,80.1,88.1,100.3
"ssp245",2061,101.8,51.4,114.5,118.2,124.1,113.9,79.6,102.7,86,45.3,154.2,109.8,174.5,104.1,70.7,89.7,150.6,85.7,83.8,103.2
"ssp245",2062,80.7,195.1,76.9,98.7,158.6,126,83.3,113.9,81.9,85.1,136.3,142.1,149.9,88.1,75.2,96.5,99.4,92.3,64.8,107.6
"ssp245",2063,86,107.9,77.5,96.6,134.9,120.7,71.9,103.4,88.3,103.7,84.5,120.8,163.4,75.4,90.6,99.1,64.5,125.4,74,99.4
"ssp245",2064,89.5,90.1,86.3,95,124.6,119.9,85.2,101.6,76.3,50,107.8,133.9,72.7,122.1,98.8,101.5,93.3,97.8,70.1,95.6
"ssp245",2065,95.3,100.9,105.3,90.1,128.5,126.8,62.5,102.3,94.6,60.9,56.3,115.2,103.4,65.4,107.8,93.2,90.5,98.6,84.5,93.8
"ssp245",2066,87.2,144.8,161,110.4,118.8,104.5,75.3,105.9,89.1,52.1,85.7,132.7,155.5,104.6,71.8,85.8,102.3,91.8,116.3,105
"ssp245",2067,86.6,97.9,88.1,106.6,121.2,141.4,104.8,91.8,93.4,73.9,107.4,113,118.4,122.5,119.1,92.6,122.2,89.3,87.2,104.1
"ssp245",2068,96,91.6,150.9,103.9,112.8,129.3,84.4,69.1,90.8,95.5,74.9,123.1,70.7,96.5,99.2,119.6,95,106.7,75.1,99.2
"ssp245",2069,92.4,150.1,160.3,106.2,108.3,140,71.3,105.2,73.2,101.6,107.1,138,99.4,90.4,100.8,91.5,103.2,97.7,101.7,107.3
"ssp245",2070,92.5,120,145.1,109.6,114.7,116.6,84.6,118.1,90.1,59.4,131.1,159.7,128.4,99.8,111.8,111,99.7,112,90.1,110.2
"ssp245",2071,85.9,79.2,136.1,121.1,116.4,117.2,101,95.2,83.8,125.8,74.5,146.4,63.3,80.1,81.2,102.1,71.2,117.3,61.3,97.8
"ssp245",2072,94.1,112.4,95.4,107.1,155.1,111,93.4,85.9,96.9,55.6,139.5,139.6,87.1,114.2,61.1,95,115.3,109.4,85.4,102.8
"ssp245",2073,100.9,173.3,70.8,106.4,122.4,127.3,89.2,95.3,95.6,63.7,46.4,125.4,143.7,66.6,81.8,96,79.1,111,75.2,98.4
"ssp245",2074,95.5,154.1,97,100.9,127.5,145.2,84.5,94.9,96.2,77.6,166.1,115.5,204.1,116.7,121.1,92,154.6,65.7,62.6,114.3
"ssp245",2075,107.5,112.3,77.6,108.5,119,109.6,112.2,92.5,87.8,98,133.9,143.8,110.6,90.7,76.2,92.6,96.9,114.8,88.9,103.9
"ssp245",2076,87.2,73.2,76.3,97.1,137.9,95.8,83.3,86.4,81.7,77.2,117,146.4,121.1,104.2,140.2,97.3,94.2,124.1,70.3,100.6
"ssp245",2077,100.4,186,82.7,84.3,136.5,104.6,74.1,107.9,89.5,54.9,79.2,120,100.5,81,63.6,102.2,133.1,105,83.2,99.4
"ssp245",2078,93.2,70.5,92.2,91.7,131.3,114.3,63.8,118,79.3,169.2,94.6,107.3,109.9,84.4,79.8,100.2,141.5,55.8,87.6,99.2
"ssp245",2079,91.6,87.2,158.2,93.7,113.3,116.4,76.7,127.2,84.5,124.5,70.3,134.1,102.1,97.8,97.9,95.2,136.3,128.6,72.3,105.7
"ssp245",2080,92.4,156.2,93.2,92.4,140.5,101.3,77.7,99.8,82.8,118.9,192.6,99.3,70,93.9,121.1,99.5,67.2,109.8,81.9,104.8
"ssp245",2081,106.8,149.5,72.5,106,136.5,128.7,72.1,109.8,92.4,89.6,112.6,131.7,97.4,92.1,104.4,106.7,112.2,63.7,69.7,102.9
"ssp245",2082,102.6,130.7,43.2,114.8,148.2,112.5,80.1,78.1,83.2,72.4,111.5,123.4,134.4,105.7,61.9,98.5,184.9,88.6,103.5,104.1
"ssp245",2083,95.3,105,60.8,110.2,121,137.9,102.4,104,95.4,50.4,107.5,102.4,98,93,82.9,87,113.1,112.2,77.4,97.7
"ssp245",2084,91,106.5,114.8,111.9,116.6,141.4,97.4,124.5,86.9,70,74.6,118.6,74.6,103,120,91.3,96.4,96.8,72,100.4
"ssp245",2085,103.6,105.5,94.8,107.2,137.8,130.1,77.3,100.4,91.8,56.9,129.6,101.8,135.8,95.9,107.6,96.9,156.1,128.2,90,107.8
"ssp245",2086,128,113.9,89.6,124,139.5,116.9,98.6,119.2,92.6,104.6,100.1,108.3,98.6,84.6,98.8,102.4,117.6,115.2,64.2,106.1
"ssp245",2087,95.8,145.9,37.7,112.7,144.1,132.3,112.8,135.6,80.6,67.9,138.2,144.2,140.8,83.6,106.8,108.8,118.1,90.7,79.9,109.3
"ssp245",2088,98.4,115,88.6,112.5,120.6,134.2,103,99.4,90.5,75.3,84,130.3,147.4,91.7,121.2,101,134.1,121,77.7,107.7
"ssp245",2089,93.4,110,117.7,96.4,127,128.4,92.1,101.6,85.5,77.6,80.2,155.1,68.4,99.5,104.8,98.6,140,120.9,70.2,103.5
"ssp245",2090,98,163.3,103.9,115.4,143.5,154.3,66,114.3,91.3,55.7,106.3,134.7,90.1,92.7,100.9,97.4,166.5,119,105.3,111.5
"ssp245",2091,98.9,191,95.3,95.2,100,125.9,99.7,117.8,103.7,115,150.1,128.2,122.9,90.2,81.2,107.6,93.1,120.4,99.3,112.4
"ssp245",2092,95.7,108.1,68.8,101.2,124.4,128.9,72.3,103.4,96.6,37.9,133.8,124.2,116.6,75.6,59,98.4,129.4,97.7,63.9,96.6
"ssp245",2093,104,139.9,136.5,132.1,107.2,112.7,87.1,106.5,96.6,116,83.9,144,150.3,95,93.8,87.3,142.8,124.8,83.5,112.8
"ssp245",2094,94.3,135.5,130.9,82.6,132.9,114.9,77.9,92.7,86.7,103.2,120.5,127.1,99.6,117.4,96.3,98,148.3,84.8,81.9,106.6
"ssp245",2095,103,142,102,98.5,129.5,125,93,115.2,85.1,89.8,87.9,153.5,42.9,133.7,73.3,91.2,174.5,105.1,59,105.5
"ssp245",2096,103.5,92.5,62.7,109.7,140.7,113.1,90.2,106.3,94.6,120.8,143.5,122.2,109.2,98.5,161.4,104.3,85.6,96.9,76.4,107
"ssp245",2097,96,173.3,143.5,101.8,153.7,134.5,107.6,109.6,77.5,99,120.1,119.4,107.5,76.8,111,85.6,149.1,143.4,70.7,114.7
"ssp245",2098,87.2,141.1,167.5,106.2,121.7,120.2,92.6,103.6,94.3,85.5,110.4,100.4,79.6,79.7,73.8,103.5,100.8,134.4,73.9,104
"ssp245",2099,108.6,155.3,115.3,91.3,122.9,97.8,95.5,131.7,87.6,93.5,115.8,137.9,70.1,92.7,94.2,113,108.2,87,91,105.8
"ssp245",2100,96.1,64.4,72.3,98.2,122.3,126.9,83.4,105.4,87.1,113,71.2,122.1,100.1,63.8,89.4,94.5,140.6,96,76.7,96
"ssp370",2015,91,65.8,108.7,85.9,107.5,126.2,87.2,100.9,75.1,NA,99,118.9,99.2,74.1,106.2,97.1,99.7,NA,68.8,94.8
"ssp370",2016,108.4,105.3,134.8,101,97.7,107.9,75.2,139,88.2,NA,113.7,116.3,112.4,77.2,92.7,100.9,101.2,NA,85.4,103.4
"ssp370",2017,93.5,141.7,85.1,84.7,117.4,111,74.5,47.8,94.8,NA,107.7,107.3,115.8,73.2,99.4,90.6,92.2,NA,74.7,94.8
"ssp370",2018,90,142.2,140.4,85.7,97.9,108.4,67.9,126.4,86.7,NA,83.8,121,67.7,78.4,101.5,99.2,95.6,NA,100.2,99.6
"ssp370",2019,89.1,72.6,103.5,91.6,103.7,103.4,88.3,157.6,105.2,NA,103.3,133.3,98.9,97.9,95.9,102.4,92.3,NA,68.3,100.4
"ssp370",2020,107.5,60,135.1,102.4,108.4,117.9,74.1,120.2,86.1,NA,102.4,134.9,90.8,82.9,98.8,90,84.3,NA,77.4,98.4
"ssp370",2021,98.6,130.2,140.1,87.6,117.5,86,87.3,118.2,93,NA,82.6,125,38.6,92.1,98.1,105.4,85.4,NA,74.3,97.6
"ssp370",2022,94.3,92.9,104.4,80.6,128,127.5,101.6,105.1,73.8,NA,103.5,107.8,68.7,74,98.1,102.9,105.8,NA,88.4,97.5
"ssp370",2023,98.2,118.6,116.7,86.2,113.8,128.6,79,114.5,86.2,NA,113.4,116.8,85.9,87.7,89.2,92.5,125.1,NA,104.5,103.3
"ssp370",2024,90,133.6,147.4,85.6,123.9,111.6,83.8,100.9,71,NA,117.2,132.9,83.5,76.9,86.3,99.2,111.2,NA,69.4,101.4
"ssp370",2025,76.7,185.4,79.1,100.1,116.6,117.8,104.9,117.4,91.8,NA,101.9,122.1,108.3,94.3,85.4,85.9,122.6,NA,58.3,104
"ssp370",2026,101.1,138.5,101.8,80.8,120.3,110.7,83.1,89.8,68,NA,100,142.3,95.6,100,101,107.2,89.1,NA,99,101.7
"ssp370",2027,89.5,72.6,120.7,99.4,113.1,106.3,76.2,106.9,89.5,NA,108.4,127.5,96.8,93.2,95.2,95,109.4,NA,74.7,98.5
"ssp370",2028,78.9,120.9,128.7,97.6,126.5,127,70.8,90.4,96.3,NA,94.1,119.6,84.1,64.4,93,80.9,77.5,NA,75.6,95.7
"ssp370",2029,93.2,67.5,135.9,101.4,141,114.7,81.2,85.8,76.5,NA,106,105.3,144.2,91.8,89.8,91.9,116.4,NA,61.2,100.2
"ssp370",2030,87.1,77.8,130.8,109.7,107.2,139,54.6,117,72.2,NA,109.6,142.8,161.3,86,90.6,91.4,93.8,NA,106.9,104.6
"ssp370",2031,89.5,93,136,81.8,113,124.5,74.1,66.5,87.7,NA,98.6,116.7,126,84.5,103.2,96.2,104.2,NA,82,98.7
"ssp370",2032,108.1,86.1,53.3,108.3,117.3,117.1,87.7,79.8,72,NA,81.1,116.5,104,95.4,92.5,97.5,109.7,NA,81.7,94.6
"ssp370",2033,89.3,125.3,71,79.7,98.5,142,72.9,79.4,84.6,NA,102.7,125.8,141.5,76.9,79.7,95.7,107.4,NA,81.7,97.3
"ssp370",2034,85.2,83.1,96.9,94.6,95.6,155.5,82.3,80.2,114.9,NA,133.6,123.2,178.4,97.3,100.4,88.9,102,NA,101.3,106.7
"ssp370",2035,109.1,140.3,52.8,103.1,116.5,145.1,70.6,152.9,89.4,NA,88.3,124.2,158.1,79.9,95.3,96,101,NA,84.2,106.3
"ssp370",2036,87.3,93.6,93.2,96.5,123.6,98.3,97,64.3,68,NA,112.4,123.6,101.5,75,97.6,96.4,98.6,NA,78.3,94.4
"ssp370",2037,88.1,60.5,64,100.4,104.5,142.4,119.2,79.4,74.7,NA,105,127.9,86.9,104.9,100.8,82.4,117.8,NA,87.5,96.8
"ssp370",2038,91,115.3,87.8,97,128.3,125.8,84.4,131.6,78.3,NA,101.7,132.9,126.1,96.6,102,84.3,97,NA,90.5,104.2
"ssp370",2039,94.7,59.2,108.9,116.1,128.8,148.7,66.9,141.7,71.2,NA,126,106.3,142.9,116.8,94.9,106.9,128.5,NA,63,107.1
"ssp370",2040,81,199.8,68.9,95.2,134.8,130.3,79.4,95.6,102.7,NA,111.3,125.7,101.2,107.6,96,87.2,91.9,NA,83.9,105.4
"ssp370",2041,89.1,88,137.8,99.9,105.7,122.2,91.4,105.9,90.6,NA,133.2,118.6,82,97.7,99,103.5,131.8,NA,86.3,104.9
"ssp370",2042,89.5,111.6,86.1,94.3,144.8,135.1,71.1,78,79.1,NA,100.5,134.7,93.7,112.7,91,105.4,122.3,NA,83.9,102
"ssp370",2043,86.2,173.8,139.3,97.7,104.1,131.4,61.3,115.2,88.3,NA,96.8,153.3,141.4,64.5,111.6,110.2,118.1,NA,68.1,109.5
"ssp370",2044,99.8,86.3,95.4,123.3,117.1,146.2,97.6,138.5,98.5,NA,100.1,133.8,84.2,111.6,78.7,94.3,116.8,NA,70,105.4
"ssp370",2045,89.8,148.8,118.7,106.7,128,131.3,78,45.4,77.1,NA,95.7,130.1,86.2,82,107,90.7,100.9,NA,74.2,99.4
"ssp370",2046,86.5,123.5,70.5,92.7,113,103,69.3,109.1,75.4,NA,122,112.5,93.6,82.5,102.8,90,119.8,NA,62.2,95.8
"ssp370",2047,68.3,127.1,61.1,108.2,112.6,119.1,110.3,64.2,74.2,NA,99.7,130.6,94.6,54.4,98.3,87.6,137.6,NA,91.9,96.5
"ssp370",2048,84.4,48,95.9,102.1,118,113.5,69.9,105.6,95.2,NA,113.2,121.7,142.2,63.8,108.2,98,137.6,NA,93,100.6
"ssp370",2049,88.9,113.6,74.4,102.7,133.3,127.1,81.2,98.3,82.1,NA,131,102.5,119.5,57.3,105.1,92.4,110.6,NA,92,100.7
"ssp370",2050,95,158.2,74.4,87.9,130.5,123.6,98.2,89.6,94.1,NA,103.5,118.1,103.3,69.7,106.7,108.4,80.7,NA,84.8,101.6
"ssp370",2051,86,157.3,145.4,88.3,109.6,106.6,67.9,68.4,96.5,NA,124,128.2,83.9,105.9,107.2,90.7,102.5,NA,72.8,102.4
"ssp370",2052,92.4,118.1,70.6,113.6,132,122,67.2,152.8,95.4,NA,143.8,126.1,127.1,91.8,101.8,93.9,98.7,NA,96.8,108.5
"ssp370",2053,76.1,135.3,140.9,98.8,104.1,136,74.3,122.2,96.2,NA,87,149.5,170.6,63.3,108.4,100.9,124,NA,104.9,111.3
"ssp370",2054,93,97.3,81.1,113.2,134.5,143.7,80.8,126.8,79,NA,94.7,107.8,109.6,77.7,107,92.5,126.4,NA,94.4,103.5
"ssp370",2055,81.8,81.6,111.6,112,123.6,104.8,85.1,109.5,90.6,NA,105.8,150.3,117.3,98.9,104.3,99.4,96.3,NA,88.3,103.6
"ssp370",2056,89.4,124.6,141.4,105.5,116.3,131.4,78.2,95.2,100.4,NA,105.5,117.3,94.4,100.8,94.7,95.2,104.9,NA,84.9,104.7
"ssp370",2057,98.6,110,60.7,103.5,107.2,98.2,67.5,132.1,88.4,NA,130.5,120.9,77.5,112.7,99,121,88.8,NA,97.9,100.9
"ssp370",2058,93.9,87.8,98.4,103.2,126.3,107.7,82.6,144,87.9,NA,112.7,109.9,108.2,99.1,91.8,102.1,100.9,NA,85.1,102.4
"ssp370",2059,93.5,231.5,63.7,105.4,134.8,133.3,78.1,101.1,93.6,NA,96.1,134.3,64.5,74.9,100.2,100.3,118.3,NA,70.3,105.5
"ssp370",2060,96.4,113.4,93.2,120.3,119.7,150,79.5,68.4,81.4,NA,103.5,122.9,178.6,92.9,98.3,102.3,134.6,NA,79.4,107.9
"ssp370",2061,88.5,132.7,86.5,105.4,133.5,115.7,63.6,66.7,91.4,NA,102.6,115.7,111.1,82.1,106.7,95.5,121.4,NA,90.8,100.6
"ssp370",2062,103.7,154.6,100,102.5,153.7,101.5,72,102.2,91.8,NA,114.2,140.5,121.1,80.3,93.2,103.1,102.4,NA,79.1,106.8
"ssp370",2063,85.2,96,92.8,119.2,147.5,132.1,79.8,117.1,70,NA,101.1,126.2,77.3,93.4,92.8,95.1,121,NA,77.9,101.4
"ssp370",2064,92,104.3,119.5,88.7,145.5,127.3,83.8,73.1,99.2,NA,115.9,105.5,89.5,78.2,107.8,96.4,94.5,NA,75.8,99.8
"ssp370",2065,85.3,102.2,149.4,96.2,106.8,135.9,95.4,115.1,107.6,NA,113.6,110.8,120.7,93.3,99.5,96.9,110.7,NA,92.5,107.8
"ssp370",2066,91,101.4,100.5,103.7,98.9,123.7,79.3,113.5,81.3,NA,89.8,140.5,54.8,84.1,104,91.2,118.8,NA,82.1,97.6
"ssp370",2067,85.1,100.5,150.8,107.3,122.4,131.4,85.7,134.8,92.1,NA,126.4,136.5,79.4,79.7,94.4,88.7,103.2,NA,100.8,107
"ssp370",2068,99.5,142.5,83.7,98.7,115.4,133.7,83,78.7,111.6,NA,103.8,126,88.8,95.5,116.4,94.2,111.7,NA,84.9,104
"ssp370",2069,104.8,124,102.9,113,95.3,106.6,70.3,79.3,97.5,NA,94,120.5,188.7,99.3,91.6,115,126.4,NA,58.1,105.1
"ssp370",2070,87.1,91.9,72.1,113,139.6,136.6,66.5,103.9,86.8,NA,113,127.8,82.4,98.2,108.5,105.9,66.8,NA,90,99.4
"ssp370",2071,93.8,168.1,140.6,103,152.5,123.3,65.2,138.7,77.8,NA,103.7,134.2,94.8,108.8,99.5,86.3,105,NA,85.8,110.7
"ssp370",2072,101,73.8,95.5,92.6,110,127.9,98.7,108.6,128.1,NA,116.4,119.7,84.3,107,96.1,96.7,110.6,NA,99.1,103.9
"ssp370",2073,83.3,120.8,131.5,87.5,116.8,146.9,105.8,124.2,90.3,NA,144,125.7,139.1,100.9,110.1,112.7,90.8,NA,82.8,112.5
"ssp370",2074,87,163.8,137.9,106.3,125.9,104.1,81.1,67.4,92.2,NA,120.4,118.6,92.2,43.1,74.6,84.1,98.9,NA,91.5,99.4
"ssp370",2075,89.7,121.8,75.8,100.4,116.3,125.5,73.4,154.7,91.7,NA,117.6,129.5,103.7,99.3,109.6,104.1,112.4,NA,71.3,105.7
"ssp370",2076,95.2,77.5,113.1,105.3,142.4,133.6,99.8,105.8,88.8,NA,93.3,109.8,85.7,126,100.7,109.1,123.7,NA,114.2,107.3
"ssp370",2077,103.3,134,115.8,94.7,126.6,130.3,79.3,161.8,88.8,NA,92.9,122.9,99.6,124.9,98.1,115.7,114.9,NA,78.8,110.7
"ssp370",2078,96.5,46.7,84.4,118.7,131.8,122.5,65.8,129.2,108.8,NA,112.3,116.4,111,89.7,102.7,106.5,109.2,NA,71.5,101.4
"ssp370",2079,101.6,182.3,90.3,112.4,138,126,82.6,102.1,92.2,NA,130.9,133.8,191.7,105.1,94.8,101.6,110.6,NA,83.1,116.4
"ssp370",2080,84.2,71.2,91,91.2,133.6,142,81.5,78.6,108,NA,127.5,155.1,64.7,89.1,96.1,101,106.8,NA,90.3,100.7
"ssp370",2081,105.4,69,63.9,85.5,117.2,153.3,89.5,81.4,89.2,NA,121.8,116.2,156,95.2,95.5,111.4,102.4,NA,92.5,102.7
"ssp370",2082,81.5,104.6,43.6,117.2,113.1,142.4,93.6,75.2,92.5,NA,125.5,119,149.4,73.4,122.6,109.6,117.9,NA,75.3,103.3
"ssp370",2083,100.6,125.1,127.9,118.1,127.1,157,78.5,151.9,73.9,NA,126.3,121,134.8,100.9,107.3,89.7,93.3,NA,75,112.3
"ssp370",2084,107.1,100.7,160.4,93.2,112.6,143.7,98.4,107.8,73.4,NA,128.5,132.1,101.6,89.5,110.5,90.1,100.9,NA,73,107.3
"ssp370",2085,84.9,132.9,166.5,117.8,133.6,102.8,97.1,106.9,86.6,NA,92.3,135.6,78.5,77.7,101.8,109.6,117,NA,93.9,108
"ssp370",2086,95.6,121.5,142.8,99.2,124.8,129.3,85.9,79.7,96,NA,109.7,117.4,156.3,95.8,99.6,107.7,97.8,NA,78.9,108.1
"ssp370",2087,98.1,111.7,97.2,113.4,136.1,143.4,88,46.5,85.9,NA,111.6,125.1,119.9,83.9,95.3,104,105.9,NA,109.4,104.4
"ssp370",2088,89.6,152.9,134,123.3,122.2,112.1,93.9,136.4,98.9,NA,128.5,111.5,122.9,87.4,112.5,110.6,98.6,NA,78,112.5
"ssp370",2089,92.1,85.1,124.4,115.7,101.9,155.4,98,94.3,81.2,NA,115.4,127.1,95.2,112.6,95,102.5,114.8,NA,74.3,105
"ssp370",2090,105.8,70.3,84.4,103.2,148.3,85.5,99.6,86.6,85.9,NA,108.4,104.8,92,73.9,123.6,98.9,114.8,NA,81,98.1
"ssp370",2091,114.9,147.6,114,84.2,119.9,143.7,89,120.8,86.7,NA,112.5,140.9,131.4,75.7,103.5,102.4,106.1,NA,79.2,110.1
"ssp370",2092,92.2,95.7,83.2,102,114.6,122.5,61.6,104.3,114,NA,104.5,141.9,139.7,66.9,89.4,115.2,125.5,NA,92.2,103.8
"ssp370",2093,93.6,103.3,185.9,98.4,147.6,137.8,76.3,126.3,105.6,NA,107.7,110.8,92.2,82,104.1,102.8,86,NA,84.7,108.5
"ssp370",2094,81.6,142.4,57.8,104.2,113,136.4,76.8,86.9,79.7,NA,120.8,124,129.8,100.8,105.3,112.7,101.1,NA,69.4,102.5
"ssp370",2095,99.1,70,30,117.7,162.5,151.3,98.3,121,101.1,NA,116.6,161.1,91,96.4,103,105.5,127,NA,84.3,108
"ssp370",2096,112.3,185.8,82.1,95.6,131.8,155.2,92.8,62.5,90.8,NA,117.3,132.2,121.9,81.5,94.1,106.1,114.6,NA,86.3,109.6
"ssp370",2097,92.4,197.2,155.7,107.2,136.3,140.7,72,107.7,88.4,NA,131.3,132,129.1,118.5,106.2,89.6,110.9,NA,68.8,116.7
"ssp370",2098,102.9,110.8,143.1,86.7,107.5,130,101.9,108.7,118.2,NA,88.5,126.4,168.3,57.7,106.3,114.6,137.8,NA,95.2,112
"ssp370",2099,96.6,119.7,66.2,102.4,136.6,160.3,82.6,101.8,87.3,NA,112,130,123.2,102.9,103.4,103.5,100.7,NA,71.8,105.9
"ssp370",2100,81.9,82.1,149.7,108.8,122.8,141.5,80,106.2,104.7,NA,99,118.3,113.4,61.3,102,94.4,120.6,NA,76,103.7
"ssp585",2015,105.8,127.7,76.7,93.1,118.8,107.2,73.8,156,79.5,74.2,82,112.6,109.5,87.6,46.2,74.3,113.2,94.1,66.9,94.7
"ssp585",2016,99.5,111.2,87.6,78.9,134.9,104.5,88.1,128.2,71.6,83.1,132.2,109.8,58.1,86.8,89.6,73.1,126.9,98.2,80.1,97
"ssp585",2017,100.5,86,53,92.7,99.3,155.9,82.1,97.4,84.2,77.5,115.1,134.5,136.7,74.7,107,96.1,119,107.5,75.4,99.7
"ssp585",2018,88.3,132.7,112.7,93.7,134.4,112.6,76.4,104.8,90.9,90.4,128.4,108.5,139.9,85.7,61.5,92.3,43.6,125.6,79.7,100.1
"ssp585",2019,90.2,84.9,113.8,104.4,105.6,112,96.9,88.7,84.2,107.3,143.2,125.6,52.9,85.2,133.3,48.5,126.7,93.3,70.2,98.3
"ssp585",2020,87.7,149.6,123.7,88.9,139,127.9,89.9,121.4,97.6,50.6,97.7,125.6,112.2,89.5,123,118.3,78.2,98.3,74.5,104.9
"ssp585",2021,94.9,180.9,96.5,108,96.2,88.6,77.5,92.2,76.8,97.3,58.4,99.9,107.2,72.2,79,92.8,114.7,132.7,84.5,97.4
"ssp585",2022,95.6,117.9,124.5,86.1,120.5,156.1,80.5,113.9,101.5,96.1,135.9,141.9,99.8,87.5,119.4,99,101.5,86.6,67.4,106.9
"ssp585",2023,91.6,162.9,110.8,79,103.7,117.9,81.6,117.2,82.7,85.3,110.4,93.8,92.2,84.3,74.5,90.2,113.8,123.4,92.7,100.4
"ssp585",2024,88.7,72.1,117.3,87.8,125.6,123.6,87,140,81.7,103.8,90.6,121.4,59.6,84,133.6,67.8,105.5,122.8,83.6,99.8
"ssp585",2025,95.6,131.2,90.2,95,114.8,162.5,67.1,85.7,89.3,81.2,139.5,101.3,157,76.7,102.4,82.2,103.1,143.1,77.9,105
"ssp585",2026,89.5,144.3,62,117.8,94,127.2,76,124.4,79.1,80.1,131.8,146.7,109.7,82.2,180.9,113.3,140.7,112.1,73.3,109.7
"ssp585",2027,91.6,127,112.8,95.9,125.5,124.8,67.4,157.7,88.2,95.3,72.8,115.1,106.9,89.4,119.8,116.3,133.8,89.2,72.5,105.4
"ssp585",2028,104.2,114,114.8,93.1,135.9,101,71.7,108.9,98.5,82.7,128.6,136,99.2,82.8,62.9,59,116.5,78.6,86.4,98.7
"ssp585",2029,98,108.1,32.3,106,150.5,128.2,83.3,83.1,66.3,93.8,98.3,139.1,110.5,82,115.7,107.4,72,84.7,86.1,97.1
"ssp585",2030,88.2,132.9,127.9,100.3,125.4,90.1,95.6,116.4,86.3,61.3,123.7,129.5,87.4,77.5,114.6,76.6,103.4,133.8,72.3,102.3
"ssp585",2031,95.4,62.2,47.6,95.2,134.4,119.5,75.4,111.7,84.2,86.7,130.7,101.2,62.1,79.5,141.5,94.7,163.4,124.1,74.6,99.2
"ssp585",2032,79.2,89,100.4,77.6,109.9,118.5,72,93.4,88.4,60.5,58.1,121.5,95.6,98.6,90.9,98.5,61.5,124.2,74.5,90.1
"ssp585",2033,111.2,107.3,60.9,88.3,87.9,112.1,78.4,90.3,86.8,72.3,97.5,138.3,88.2,84.4,86.7,120.9,138.1,129.7,70.6,97.4
"ssp585",2034,94.8,84.6,146.2,91.2,133.8,127.1,94,109.9,96.8,113.4,144.4,137.7,149,100.3,51.1,104.6,239.5,86,85.9,115.3
"ssp585",2035,98.9,130.7,72.8,100.5,133.6,118.9,76.1,128.1,93.8,93.4,92.5,105.7,106.1,101.8,124.2,69.3,117.5,109.8,99.3,103.8
"ssp585",2036,104.3,152.6,88.6,92.4,104,125.9,86.4,48,87.4,83.6,134.8,128.6,156,88,119.5,102.2,113.2,84.4,105.2,105.5
"ssp585",2037,82.8,108,131.1,106.3,128.9,127.9,93.7,41.1,83.7,104.9,65.9,156.3,188.8,88.4,90.3,75.8,109.1,74,76,101.7
"ssp585",2038,99,127.5,114.5,111.1,136.4,141.6,81.7,107.4,97.6,82,146.9,137.1,111.8,89.3,58.1,88,104.4,112.8,85.1,107
"ssp585",2039,93.7,70.9,151.9,95.8,127.4,122.2,68.2,116.8,112.8,88.6,148,158.1,74.8,91.4,135.8,78.5,161.4,109.6,83.7,110
"ssp585",2040,85.6,82.4,88.7,108.8,116.5,110.3,82.1,81.4,95.1,86.5,88.2,126.4,71.4,73,92.9,59.9,151.6,99.8,91.2,94.3
"ssp585",2041,99.7,151.2,95.4,104.9,109.4,94,73.4,103.2,85.1,79.2,128.5,100.5,161.4,85.2,131.4,77,110.4,85.5,95.8,103.7
"ssp585",2042,97.8,83.8,85.2,99.6,137.5,120.5,114.3,132.4,80.8,60.5,140.4,114,185.9,97.2,63.2,99.6,89.4,98.8,91.1,104.8
"ssp585",2043,86.1,97.3,89.4,107.4,149.1,133.1,71.2,77.2,92.1,85.6,116.6,100.1,109.3,88,65.5,90.9,94.8,71.8,71.3,94.6
"ssp585",2044,90.7,84.1,58.3,113.3,113.5,144,91.6,84.9,97.2,90.7,65.9,120,114.5,95,92.8,91.1,191.2,74.7,66,98.9
"ssp585",2045,94.2,173.4,138.9,107.9,141,124.5,84.8,99.2,88.4,76.5,81.2,108.9,111.5,93.1,89.1,119.3,114.2,127.5,79.2,108
"ssp585",2046,95.2,110.4,111.6,109.5,104.3,97,72.5,94.2,85,53,110.7,115.6,134.3,80.4,155.8,89.8,120.7,87.9,89.3,100.9
"ssp585",2047,104.4,116.2,107.8,98.2,111.2,130.4,77.9,150.3,86.1,86.6,104.4,117.2,50.9,87.3,88.3,69,64.7,121.8,74.3,97.2
"ssp585",2048,114.1,90.7,140.2,114.2,101.2,123,89.3,97.1,76.9,86.3,129.7,111.3,88.2,81.1,159.7,94.9,156.2,82.1,79.3,106.1
"ssp585",2049,100.5,100.5,91.9,105.2,137.9,142.1,82.3,74.9,77.6,82.1,99.7,142.1,88,71.7,119.5,122,115.2,65.4,86,100.2
"ssp585",2050,98.5,56.5,106.5,100.1,106.1,125.8,94,108.2,93.3,92.7,137.1,135.2,171.1,86.6,54.9,73.7,59.7,146.5,101.5,102.5
"ssp585",2051,90.5,155.3,80.8,92.3,129.4,121.2,73.4,99.8,82.5,100.1,143,107.2,150.8,90.2,142.1,84.7,164.8,141.1,67.8,111.4
"ssp585",2052,84.8,143,106.6,111.7,123,135.2,97.5,105.5,79.8,89.8,128.5,102.1,95.4,90.3,96.2,107.1,173,109.2,90.4,108.9
"ssp585",2053,87,116.7,108.9,112.1,122.9,134.6,87.2,106.9,92.3,92,76.6,115.7,98,88.8,130,106.6,83,116.3,90.6,103.5
"ssp585",2054,95.3,148.3,137.9,116.7,120.7,127,82.1,114,97.5,90.3,66.7,123.9,85.1,95.2,95.6,82.4,137.8,122.4,83.8,106.5
"ssp585",2055,103.7,129.1,75.1,97.8,137.3,110.4,73.8,138.4,100.7,69.9,76.5,117.2,127.4,86.4,73.9,118.8,128.5,124.8,76.5,103.5
"ssp585",2056,97.6,122.7,112.1,108.8,125.1,121.1,78.4,105.6,80.3,73.2,27.5,109.8,157.9,89,73,74.2,103.4,103.7,85.8,97.3
"ssp585",2057,81.9,123.9,188.1,104,108.8,103,78.5,131.3,95.9,88.1,102.3,139.6,68.6,84.7,114,73.4,64.2,133.6,85.7,103.7
"ssp585",2058,85.3,149,159.2,106.2,129.5,129.4,77.1,152.9,81.2,83.7,157.9,115.5,123.6,82.1,174.9,128.8,151.5,75.2,80.8,118.1
"ssp585",2059,95.6,152.4,116.6,95.7,136.6,135.9,93.5,115.2,88,50.2,115.3,99.3,103.4,81,60.4,100.7,117.4,125.2,73.5,102.9
"ssp585",2060,92.1,134.9,104.6,99.9,106.3,125.3,100.5,172.7,103.6,78.1,120.2,132.2,109.7,95.3,105.6,87.1,124.2,95,98.3,109.8
"ssp585",2061,106.9,114.2,129.3,113.6,127.6,127.6,86,65.9,88.2,61.1,122.6,133.2,64.3,90.3,106.9,126.2,162.7,98.8,75.4,105.3
"ssp585",2062,99.7,98.4,102.9,105.6,152.4,135.9,70.3,125,86,83,183,150.8,80.5,82.2,104.9,116.7,174,111.4,93.9,113.5
"ssp585",2063,105.9,91,60.5,105.8,146.3,119.8,77.3,169.7,106.3,68.3,110.7,147.1,81.3,91.2,62.2,150.6,114.2,103.5,67.4,104.2
"ssp585",2064,89.6,107.4,166.5,113.5,154.7,132.6,92.4,110.9,112,74.5,60.4,138.7,118,103.4,65.5,138.2,117.2,93.4,62.1,107.9
"ssp585",2065,95.2,120.5,106.7,109.8,122.6,146.9,90.3,115.3,78.4,81.1,72.8,109.6,97,103.4,87,68.2,107.2,119.7,79,100.6
"ssp585",2066,103.3,134.1,98,102.6,113,132.6,77.5,182.7,97.8,78.4,121.6,149.2,138.3,93.1,72.3,123.7,125.2,133.8,75.5,113.3
"ssp585",2067,94.7,110.3,90.3,99.7,107.2,110.8,60.3,92.1,91,67,62.4,122,204,79.3,83.7,90.1,99.5,157.4,71,99.6
"ssp585",2068,109.9,108.9,90.4,115.2,126.2,133.7,107.8,71.3,72.1,68,90.7,149.2,152.3,93.5,141,73.2,73.9,142.6,69.6,104.7
"ssp585",2069,82.1,84.9,75.1,112.8,145.4,124.6,94.9,95,90.4,89.4,127.5,118,50.6,94,156.3,122.2,102.4,94.1,100.6,103.2
"ssp585",2070,105,139.1,59.5,103.5,117.4,148.2,83.5,106.8,88.9,85.5,139,131.8,179.7,83.3,78.6,88.8,43.7,132.8,81,105.1
"ssp585",2071,102.6,84.2,129.5,106.5,117.7,108.4,69,108.1,86.2,96.8,126,116.5,118.1,105.7,79.7,98.7,97.2,90.4,58.4,100
"ssp585",2072,96.6,108.3,115.5,103.2,122.3,123.1,87.9,114.9,105.9,86.6,117.3,116.1,180.2,95.8,63.6,150.9,227.7,95.4,63.4,114.5
"ssp585",2073,99.7,124.6,75.6,121.1,109.6,130.7,101.4,127.4,75.8,74.1,136.6,150,140.1,96.6,65.1,114,94.2,162.8,74.7,109.2
"ssp585",2074,106.1,167.9,113.5,108.1,140.6,105.2,87.4,100.5,92.8,73.4,102.4,97.2,77.7,93.1,112.1,122.7,129.1,147.1,93.2,109
"ssp585",2075,95.5,46.2,67,106.8,149.8,111.7,95.1,86.3,85.1,67.7,68.2,122.7,95.7,74.1,123.8,89.9,125.6,100.1,79,94.2
"ssp585",2076,104.7,83.5,103,90,113.6,133.7,84.2,151.5,107,86.9,148.4,153.8,144.4,98.6,77.4,130.3,159.2,137.8,92.5,115.8
"ssp585",2077,112.8,143.4,131.7,97.5,95.4,117,60.2,93,99.9,89.8,129.4,107.9,122.7,109.5,100.5,128.1,121,119,106.4,109.7
"ssp585",2078,92.9,168.8,92.9,120,137.5,127.9,93.2,122.6,75.1,81.2,171.9,149.2,92.2,107.8,84.5,118.6,185.8,126.4,95.3,118.1
"ssp585",2079,88.6,84.6,152.7,123.6,132.9,112.5,94.4,114.1,84.4,68.8,86.9,117.3,91.8,82.2,117.3,110.9,108.8,100.9,74.5,102.5
"ssp585",2080,86,114.7,86.6,93,127.7,157.2,87.9,153.9,86.1,92.5,157.3,146.1,114,87.5,102.8,99.7,119.9,162.9,81.7,113.6
"ssp585",2081,107,108.3,98,111.6,143.7,160.8,96.6,64.2,105.9,65.7,90.1,146.7,112.3,102.3,145.8,91.3,139.3,117.6,87.3,110.2
"ssp585",2082,103.8,144.4,112.1,101,151.3,142.7,102,79.2,105.4,80.9,83.1,136.1,130.2,89.2,106.2,120.2,172.7,115.6,76.5,113.3
"ssp585",2083,92,118.3,58,103.8,112.8,144.8,82.3,59.9,107.4,69.8,116,109.1,83.1,90.6,148.6,116.8,73.9,69.2,77,96.5
"ssp585",2084,97.8,136.5,75.9,102,160.1,128.5,95.3,109.8,100.3,112.1,187.6,88.8,183.9,99.2,108,137.6,131.2,122.2,89.9,119.3
"ssp585",2085,98.1,105.8,39.3,105.2,159.2,127.3,97.1,73.8,96.7,95.3,137.7,156.2,124.4,92.3,173.8,58.3,100.6,124.8,84.4,107.9
"ssp585",2086,82.7,57.3,116.9,113.5,142.3,166.5,102.2,99.3,106.4,90.9,101.4,138.8,90.8,99.7,89.1,75.5,237,181.6,65.9,113.6
"ssp585",2087,97,165.7,106,106.1,149.3,159.5,101.9,107.4,108.6,79.8,120.5,136.3,66.1,84.4,66.3,110.1,94.9,99.2,99.1,108.3
"ssp585",2088,87.4,150.4,35.1,99.1,118.8,158.1,82.4,124,104.6,100.6,105.3,127,143.3,98.3,72.9,120.3,163.8,115.3,78.9,109.8
"ssp585",2089,94.8,91.7,88,100.6,125,147.5,97.6,100.9,102.5,68.9,65.1,124.1,167.9,105.5,99.5,91.1,152.5,103.1,96.1,106.4
"ssp585",2090,81.6,140.2,79.2,128.1,145.9,112.3,95,145.8,90,93.3,81.9,157,141.7,106.4,107.3,119.4,117.8,174.9,63,114.8
"ssp585",2091,95.7,98.8,180.1,103.2,136.8,128.9,76,126.9,104.7,57.9,146.2,140.6,128.7,103.6,97.3,140.8,73.1,139.8,86,114
"ssp585",2092,109.3,160.1,90.6,112.8,148.4,128.3,104.8,104.8,104.7,99.1,151.6,135.8,132.8,108.8,173.2,101.4,103,119.6,72.2,119
"ssp585",2093,96,105.3,120,115.6,139.2,126.1,87.1,107,94.8,61.1,162.8,169.4,135.9,99.4,116,92.2,90.1,120.4,90.7,112.1
"ssp585",2094,96.9,114.7,146.4,112.1,147.5,108.4,79.5,116.4,115,78.5,172.6,130.7,162.7,102.9,130.4,109.7,117.1,136.1,92,119.5
"ssp585",2095,118.9,62.9,74.1,119,150.9,146.9,98.5,120.7,93.6,92.3,132.3,135.8,98.8,109,145.1,125.8,158.8,129.7,79,115.4
"ssp585",2096,107,107.7,41,125.1,162.4,169.6,87.8,103.7,92.5,89.4,93.8,129.1,124,106.2,112.5,83.4,147.7,88,78.2,107.8
"ssp585",2097,90.9,84.3,111.6,110.6,132.4,110.9,111,111.5,83.6,58.2,108.3,143.7,130.2,107.3,68.5,95,153.9,143.2,81.3,107.2
"ssp585",2098,105.5,173.1,202.4,115.3,174.4,110.5,113.4,103.7,112.8,87.4,193.3,131.9,185.5,113.3,84.5,66.2,91.8,131.1,95.1,125.9
"ssp585",2099,120,143.7,109.5,106,151,135.9,111.2,84,126,99.7,162,113.5,141.2,114.5,125.4,103.8,143.4,162.8,86.3,123.2
"ssp585",2100,91,83.1,73.8,133.8,152.1,153.8,82.9,156.1,104.4,107,150.3,143.5,90.8,109,179.2,123.9,59.2,111.4,79.3,115
