"Year","ACCESS-ESM1-5","AWI-CM-1-1-MR","BCC-CSM2-MR","CanESM5","CNRM-CM6-1","CNRM-ESM2-1","EC-Earth3","GFDL-ESM4","GISS-E2-1-G","HadGEM3-GC31-LL","INM-CM5-0","IPSL-CM6A-LR","MIROC-ES2L","MIROC6","MPI-ESM1-2-HR","MPI-ESM1-2-LR","MRI-ESM2-0","NESM3","UKESM1-0-LL","ensemble"
1850,10.6,21.1,8.8,9.7,14.2,15.3,NA,11.6,13.2,12.8,13.3,12.1,10.1,14.3,11.2,8.7,12.4,6.4,12.5,12.1
1851,11.5,17.9,9.9,10.6,13.8,13.9,14.3,11.7,11.8,13.3,13.2,13,9.3,14.3,11.8,10.4,12.4,7.9,10.9,12.2
1852,10.8,21.2,9.1,9.6,13.7,16,16,9.8,10.6,12.2,13,12.1,11,13.5,10.9,9.8,13.2,7.9,13.1,12.3
1853,10.6,18.4,8,10.3,14.1,15.2,13.4,12.9,11.6,13,11.4,11,11.4,14.7,11.6,9,13.1,7.1,13.4,12.1
1854,11,15.9,7.5,10.4,14.4,15.5,15,9.6,10.2,13.8,12.1,11.7,10.4,14.1,12.2,10.8,13.2,7.8,12.7,12
1855,12.2,22.1,9.3,10.6,14.5,14.8,13.5,10.4,9.6,12.8,12.6,11.8,10.9,13.9,12.2,8.4,14.3,5.8,12,12.2
1856,11.3,18.4,9.9,10,14.1,15.4,12.6,10.4,9.4,14.1,12.3,12,11.1,15.1,11.9,9.8,13.5,7,12.1,12.1
1857,12.2,16,9.3,9.9,13.5,15.4,12.6,11.5,10.8,11.9,12.6,12.4,10.2,14.5,10.8,9.8,14.3,7.2,12.4,12
1858,10.7,19,10.8,10.3,14,15,15.4,8,11.1,9.5,12.2,13.4,10.7,14.3,12,9.1,14.2,7.5,13.5,12.1
1859,11.5,16.3,9.2,10.6,14.4,15.2,13.9,10.8,11.5,14.1,11.7,11.9,11.1,14.2,11.2,9.4,13.7,8.7,13.2,12.2
1860,12.1,17.3,9.4,9.8,14.5,14.4,13.7,9.7,10.1,13.6,11.9,12.9,11.2,15.1,10.8,9.9,13.8,7,12.8,12.1
1861,11.3,18.3,9.7,10.8,14.8,15.6,13.1,11,11.5,13.6,12.8,11.4,10,15,12.7,9.6,13.3,6.9,12.7,12.3
1862,11.6,20.2,9.2,9.7,15.1,15.2,13.7,9.5,11.4,13.1,12.6,11.5,10.4,14.2,10.1,8.9,13.2,6.6,13.4,12.1
1863,11.2,20.5,10.3,10.3,14.2,14.9,13.5,10.7,10.5,12.4,12.6,12.7,12.1,14,12.5,8.3,14,8,11.1,12.3
1864,11.6,18.3,10,10.2,14.6,15.1,14.8,10,11.1,11.4,12.1,12.5,11,14.2,10.1,9,13,7.2,12.1,12
1865,11.4,20.2,12.4,10.2,14.3,13.4,13.4,8.4,11.2,12.8,13,10.9,10.3,14.4,12,9.4,12.5,7.6,14.7,12.2
1866,11.1,19.5,8.6,9.9,14.2,14.3,12.5,11.2,11.5,13.8,13.4,12.8,10.4,13.3,11.9,10.1,13.3,8.3,12.4,12.2
1867,10.7,16.6,9.1,8.8,14,14.8,11.1,12.8,11.3,14,12.5,12.7,8.9,13.8,10.9,10.4,10.6,7.6,12.7,11.8
1868,10.9,17.2,9.7,9.7,13.8,14.8,14.2,11.4,10.7,12.7,13.3,11.9,9.9,15,11.7,8.3,14.2,6.5,13.6,12.1
1869,11.6,18.8,7.8,9.8,13.9,15.4,15.2,9.6,11.3,14.1,12.2,10.9,11.3,14.5,11,9.3,14.6,7.4,12.9,12.2
1870,11.2,18.6,11.4,11.4,14.5,15.8,13.7,11.9,13.1,13.4,13.4,11.9,10.5,14.6,10.1,9.6,14.8,7.5,12.7,12.6
1871,11.7,18.8,7.8,11,14.7,16.2,13.8,11.4,10.7,11.6,12.2,13.4,11.7,13.7,11.9,9.7,12.1,7.8,12.2,12.2
1872,11.2,22.4,7.5,10.6,14.2,15.5,13.1,10.5,12.5,12.7,11.4,11.6,10.9,14.6,11,9.2,14.2,7.3,12,12.2
1873,10.7,21,6.7,10.2,14.7,16,14.2,11.5,11.2,11.1,12.6,12.1,10.9,14.2,11.5,9.4,13,7.2,12.8,12.2
1874,10,18.7,8.4,10,14.4,15.2,13.5,10.5,8.8,12.4,12.4,11.9,11.8,14.3,11.2,9.5,12.5,7.9,13.8,12
1875,12.1,19.6,11.7,11.2,13.4,14.3,11.7,10.1,10.9,14.2,11.8,12.7,11.3,14.3,12.1,10.3,14.1,6.7,12.8,12.4
1876,11.2,21.8,9.4,11,14.5,14.9,12.1,10.3,11.2,12.8,12.6,12.2,12.6,14.5,10.8,9,13.1,7.5,11.8,12.3
1877,11,17.2,9.7,10.8,14.1,14,12.6,13,12.5,12.2,12.4,10.6,10.5,14.7,12.9,9.8,13.5,6.5,12.5,12.1
1878,10.3,18.4,8.5,11,14.4,14.8,14.8,9.8,11.2,12.4,12.7,12.6,8.6,15.4,11.7,10,11.9,7.5,12,12
1879,10.5,17.4,7.5,10.3,14.3,15.1,14.2,11.3,11,13.3,11.5,11.9,10.8,15,10.8,9.6,12.4,6.8,12.7,11.9
1880,11.6,19.9,7.8,9.5,14.3,14.7,15.3,10.9,12.4,14.7,13.8,12.4,10.3,15,11.5,9.6,12.3,6.5,11.4,12.3
1881,13.1,19.1,10.2,10.6,15.2,14.6,14,12.1,11.8,11.2,12.4,11.5,10.5,14.5,11.4,9.1,13.1,6.8,13.5,12.4
1882,13.2,20.8,9.7,9.9,13.7,15.1,16.6,9.3,11.1,12.8,11.1,12.5,9.4,13.8,11.1,9.2,12.4,6.9,10.7,12.1
1883,10.3,20.3,9.3,10.5,13.8,15.8,15.2,11.6,13.9,13,12.6,11,8.7,15,11.5,8.5,14.5,6.1,11.9,12.3
1884,10.7,20.3,8.2,9.7,13.2,14.1,12,11.9,7.9,13.4,11.9,11.4,10.6,13.9,9.8,9.2,13.5,6.2,12.6,11.6
1885,10.8,18.3,9.6,9.7,13.7,14.9,12.1,10.2,10.8,14.3,12.4,12.3,9.2,14.3,9.8,9.5,15.2,5.7,12.1,11.8
1886,10.3,21.7,7.9,10.1,14.2,15.5,11.3,10.4,9.5,12.4,12.7,11.9,9.9,13.8,10.9,8.9,12.1,6.4,11.9,11.7
1887,11.1,17,11,9.7,15.4,13.9,13.2,10.2,11.9,12.2,11,12.6,9.5,14.6,10.8,9,12.9,6.1,11.7,11.8
1888,11.6,19.1,9.2,8.6,13.1,14.3,14.9,11.6,12.7,12.4,12.1,11.3,11.7,14.3,11.5,8.8,13.9,7.6,12.1,12.1
1889,10.8,22,9.3,9.9,13.5,14.6,13.4,10.9,11.6,12.9,11.7,12.3,9.3,13.9,11.5,9.8,12.3,8.4,12.9,12.2
1890,11.1,23.6,8.2,9.6,14.2,15.7,13.9,10.9,11.2,11.6,12.6,12.1,10.4,13.3,10.7,9.6,11.3,7.3,12,12.1
1891,10.5,19.1,8.9,10,13.7,15.3,14,10.2,10.2,11.8,12.3,10.9,11.4,14.4,11.4,9.1,11.4,7.6,12,11.8
1892,11.2,20.8,8.4,10.1,12.8,15.2,14.6,10.8,9.9,13.6,10.5,11.8,12,14.8,11.4,10.1,14.5,6.7,11.8,12.2
1893,10.9,19.7,10.5,9.8,14.3,14.4,10.7,11.3,11.7,13.5,12.1,10.9,9.3,14.1,10.9,9.2,13.6,6,12,11.8
1894,10.9,20.7,9.3,10.4,15.1,15.4,12.8,13.1,10.2,11.3,10.9,11,10.8,13.4,11.2,9.6,14.1,8.3,12.6,12.2
1895,10.6,18.7,9.9,9.6,13.8,14.6,13,10.1,9.8,12.6,12.4,10.7,9.9,14.8,11.5,10.8,12.3,8.6,12.9,11.9
1896,10.2,20.8,8.5,10,13.8,15.7,14,10,13.3,13.4,12.1,11,11.3,14,12.4,9.9,14,6.5,11.6,12.2
1897,11.1,19.9,9,10.1,14.6,14.7,13,14,10.6,11.2,11.5,11.3,10.7,14,11.1,10,14.9,7,12.3,12.2
1898,12.1,22.1,9.5,9.8,14,15.1,11.5,12.6,11.2,13.6,12.5,11.6,10.9,14.1,12.9,9.8,13.5,7.7,12.9,12.5
1899,11.8,16,8.6,9.7,13.2,14.4,12.9,11.7,9.5,13.6,11.7,11.6,11,14.4,12.8,10,13.6,9.6,12.1,12
1900,11.2,18.2,8.9,8.8,14,15.1,13.4,9.6,10.7,13.2,12.6,12,10.6,14.4,12,9,12.1,7.8,12.5,11.9
1901,10.2,17.9,8.1,9.6,13.8,15.2,15.1,10.7,12.1,12.8,12.5,11.6,10.5,13.8,11.4,8.8,12.9,8.1,12.3,12
1902,12.7,18.4,8.1,9.1,14.5,14.7,14.3,10.7,12.6,10.7,12.8,11.2,10.8,14.2,12,9.9,13.4,7.1,11.8,12.1
1903,10.6,16.6,6,9.2,14.2,15.5,15.1,8.4,11.1,12.4,12.6,10.8,9,13.9,11.1,9.3,14.4,7,10.8,11.5
1904,9.5,16.8,8.8,9.3,12.8,13.7,13.8,10.4,11.4,11.5,12.8,12.1,9.7,14.3,11.1,9,11.9,5.7,11.7,11.4
1905,12.3,18.5,9,10.8,14.1,13.6,12.8,9.4,10.6,12.2,12.1,13.4,9.8,15,11.7,9.5,13.7,6.6,12,12
1906,12.3,20.3,7.6,10,13.7,14.7,13.3,13.4,11.1,12.5,11.2,11.6,10.6,14.4,10.9,9.5,14,6.4,13,12.1
1907,10.9,19.8,9.1,9,12.7,14,15.4,11.4,8,11.8,11.1,12.3,11,14.1,12.5,8.7,11.7,7.3,12.5,11.8
1908,11.2,18.5,7.5,10.8,13.9,14.9,13.7,10.5,10.5,12.3,13.1,13.6,10.5,14.8,12.3,9.1,14.4,7.3,11.7,12.1
1909,10.7,18.4,9.9,10.6,15.1,14.3,15.3,12.3,12.1,12.3,12.5,11.7,10.6,13.6,11.9,8.5,11.5,7.6,12.6,12.2
1910,11.4,19.7,7.6,10.1,14.8,15.6,14.2,12.8,11.2,13.1,12.2,11.6,9.7,13.8,11.7,9.2,13.6,6.8,12.3,12.2
1911,11.5,18.7,10.3,9.7,14,14.8,13.1,12.1,11.1,12.2,12,11.9,10.9,14.3,11.5,9.7,13,7,12.1,12.1
1912,11.7,18.5,6.2,9.1,13.2,14,12,10.4,10.9,13.5,11.5,10.8,9.1,13,11.1,8.4,10.9,6.4,11.3,11.2
1913,11.3,18.9,9.3,11.4,13.4,14.6,13.9,11.4,10.9,12.6,12.1,11.2,9.1,14.1,12,9.3,13,7.5,13,12.1
1914,10.7,16,9.8,9.6,13.8,15,14.2,12.3,12.3,11.8,11.9,11.1,10.6,14.8,12.3,9.4,11.8,6.4,12.1,11.9
1915,11.7,16.7,6.9,9.6,13.9,15.6,15.5,9.9,9.3,12.8,12.3,10,11.7,14.1,10.9,10,14,7.1,12.6,11.8
1916,12.3,18.5,9.2,10.6,14.9,14.3,14.9,11.7,9.8,12.4,12.8,11.4,10.3,13.8,11.3,9.6,13.5,6.3,11.9,12.1
1917,12,17,8.2,10.9,13.2,14.7,13.3,12.8,10.3,14.1,12.1,13.2,10.6,13.3,11.3,10.4,14.3,7.9,12.2,12.2
1918,11.7,21,10.3,9.4,14.8,14.2,15.7,12.5,10.6,13.8,13,12.1,9.9,15.1,11.3,9.6,13.1,8.2,12.9,12.6
1919,10.2,20.8,9,10,15.1,15.8,14.5,14.3,10.6,12.5,12.7,12,10,14.3,10.7,10.1,14.7,8.4,11.5,12.5
1920,11.1,20.3,6.2,9.7,13.9,14.5,13.4,12,11.5,11.8,11.7,12.3,11.5,13.7,12.3,10.2,13.4,7.9,12.7,12.1
1921,11.2,18.9,11.2,9.9,14,14.3,14.5,11.1,11.4,13.3,12.1,12.2,10.9,14.2,12,10.6,12.5,7.2,12.5,12.3
1922,11.5,18.5,9.5,10.1,14.6,15.2,14.9,10.1,10.3,14.1,12.9,10.8,9.8,14.6,12.2,9.6,13.1,8.1,12.2,12.2
1923,11.1,18.2,9.1,10.5,13.4,14.3,15.3,10.6,10.9,11.6,11.9,12.1,10.3,15.7,11.9,9.3,14.7,8.4,13.1,12.2
1924,10.8,17.9,10.3,9.9,14.8,15.8,13.7,9.4,10.9,13.3,10.7,12,11.1,14.8,11.2,10,12.9,7.2,12.6,12.1
1925,12,18.3,7.6,10.4,13.7,14.5,13.5,11.8,9.5,12,12.2,9.9,10.8,14.9,12,9.9,13.8,7.3,12.6,11.9
1926,11.6,22.5,8.1,10.5,14.8,15.6,13,12.5,12,12.4,12.1,13,10.9,14.3,11.3,10.2,13.7,6.9,13.2,12.6
1927,11.1,20.2,9.8,9.6,13.7,14.9,13.4,10.6,13.4,13.8,12,12.4,11.2,14.4,13,9.3,13.3,7.2,12.4,12.4
1928,12.6,17.6,8.4,9.8,13.8,15.4,12.9,12.4,10.8,12.7,11.7,12.1,10.4,14.1,11.9,9.9,13.9,6.7,11.7,12
1929,11.2,16.8,7.2,10.3,14.1,14.6,13.6,10.8,11.4,11.9,13.5,12.7,11.1,14.9,11.1,9.8,12.8,7.5,13.7,12.1
1930,11.2,17.2,9.9,10.5,14.8,16.1,14.5,11.1,9.5,15.4,12.1,11.8,9.6,14.6,12.1,10.3,13.7,6.7,12.3,12.3
1931,10.9,18.3,10.1,10.1,14,14.4,14.5,10.6,9.1,11.6,13,12.4,11.1,14.6,11.7,9.3,13.8,7.2,12.4,12.1
1932,10.9,18.9,9.5,11.1,13.4,13.6,13.4,10.4,9.9,13,12.2,12.4,11.1,14.7,11.5,9.8,12.5,6.9,12.8,12
1933,11.1,17.9,8.7,10.1,13.6,15.5,12.4,11.2,12.4,12.7,12.8,11.9,11.2,14.4,12.2,10.5,14,6.6,12.2,12.2
1934,12.6,20.9,10.1,9.8,14.4,15,12.5,12.2,11.1,12.3,12.3,11.5,10.7,14.7,11.9,10.9,12.4,7.5,11.6,12.3
1935,10.8,19.7,8.9,9.7,14.2,14.8,12.2,10.2,10.8,14.2,12.9,11.7,10.7,14.4,13.1,9.8,14.7,8.5,12.7,12.3
1936,10.2,17.7,10.6,10.1,14.5,15.1,11.8,11.1,12,11.6,12.1,12.7,11.4,14.7,11.6,10.2,13.6,7.3,13.7,12.2
1937,12.5,19.4,10.7,9.7,13.3,15.1,11.2,11.2,10.8,11.4,11.7,11.9,11,14.9,13.1,10.3,14.4,7.4,11.6,12.2
1938,11.3,20,8.6,9.7,15.5,15.2,14.3,12.2,10.3,13.5,13.1,12.2,8.5,15.3,10.1,9.6,12.3,6.5,14.1,12.2
1939,11.2,21.8,8.5,10.5,14.3,15.1,13.7,11.2,9.6,13.3,12.1,12,11.1,14.5,12.2,10.2,12.9,7.1,13.7,12.4
1940,11.4,21.1,7.9,10.2,13.9,15.6,15.8,11.6,11.2,13.6,11.8,13,11.1,15,10.7,9.3,11.9,7.1,11.8,12.3
1941,12.4,18.2,10,10.1,14.7,15.3,12.4,13.7,10.7,13.7,12.5,12.4,10.8,14,12,10.9,12.7,6.1,11.6,12.3
1942,11.1,17.6,10.1,10.2,14.4,15.6,14,11.2,9.8,13.7,11.5,13.8,11.2,14.9,13,9.6,13.3,6.7,12.9,12.3
1943,10.4,17.2,9.4,9.9,14.6,14.8,16.5,11,10.6,11.2,11.8,12,10.3,15.2,12.2,10.8,13.4,7.9,13.5,12.2
1944,10.9,21.3,7.4,9,14.6,15.8,14.3,11.4,9.9,12.1,13,12.4,10.6,14.2,10.9,9.8,13.1,7.7,12.8,12.2
1945,11.9,17.3,10.1,9.9,14,15.6,13,11.5,13.7,12.3,12.7,11.7,12.8,14.7,11.7,10.8,14.1,6.2,12.9,12.5
1946,10.8,20.5,10.1,9.6,14.5,14.6,15,12,12.1,12.6,12.1,11.7,11.7,13.7,13.2,9.3,13.6,7,12.8,12.5
1947,10.9,17.8,7.7,10.3,15.5,14.3,13.3,9.2,11,11.3,12.4,12.7,9.6,14.1,12.9,10.4,14.1,8,11.7,12
1948,11,20,8.9,9.9,12.8,15.7,13.6,10.6,11.5,11.7,13.4,12.5,11.8,13.9,12.1,10.3,13.5,7.4,11.6,12.2
1949,10.8,20.2,8.4,10.9,15,14.6,13.5,10.7,10.1,12,12.2,12.7,11.1,14.2,11.1,10.3,12.6,8.2,12.6,12.2
1950,11.4,18.7,8.7,9.8,14.4,15,12.8,12.1,12.2,13.8,11,12.3,12.2,14.2,11.8,9.5,13.6,7.1,11.8,12.2
1951,12.5,21.6,7.6,9.8,14.6,15.1,12.1,11.4,10,12.9,12.9,11.9,9.9,14.8,11.2,10.5,12.8,8.1,12,12.2
1952,11.2,20.2,10.3,9.9,12.9,15,15.4,11.7,12.6,12.7,12.3,13.5,8.9,14.8,11.8,9.5,12.9,6.7,11.8,12.3
1953,11.7,19.9,8.9,10,14.1,15.7,14.8,11.5,11.8,12.7,13,11.8,11.6,14.6,12.6,9.7,11.5,8.3,13,12.5
1954,12.6,20.7,8.7,11.1,14.3,14.5,13.7,12.3,11.7,13.5,12.8,10.9,11.5,14.7,12.6,10.2,13.5,7,13.4,12.6
1955,11.9,23.2,8.7,9.8,14.3,15.8,15,10.5,12.5,12.2,12.4,12.6,10.6,14.2,11.6,9.6,13.5,6.5,12.9,12.5
1956,10.6,18.8,8,10.5,13.1,14.2,13.8,11.4,10,13.2,13.1,12.9,11.4,14.8,12.1,10.7,12.6,8.3,12.2,12.2
1957,11.2,20.6,9.7,9.9,14.8,13.8,14.6,10.5,8.4,12.9,12.1,11.5,11.6,14.3,12.7,10.3,12.8,6.8,12.6,12.2
1958,11.6,21.3,8.8,10.6,13.5,14.3,14.1,13.5,11.8,11.8,13.1,12.9,10.5,14.9,12.3,10.5,13.7,8.1,12,12.6
1959,11.1,20.2,9.9,9.8,13.9,14.9,14.6,10.6,10.6,13.8,11.8,11.9,9.9,13.8,11.5,9.4,12.3,5.8,12.6,12
1960,10.4,17.8,9,10.8,13.5,15.9,12.9,11.2,11.6,12.9,12.2,13.7,9.7,14.6,11.8,9.9,13.2,8,12.5,12.2
1961,10.3,18.7,10.1,10.8,13.2,14.3,15.4,10.7,10.6,12.9,12.8,12.3,10.9,14.1,10.9,10.3,13.5,7.5,11.8,12.2
1962,12,20.7,8.7,9.7,14.1,13.9,12.2,10.7,10.6,12.2,13,11.5,9.7,14.1,11.8,9.7,14.3,9.2,12,12.1
1963,11.9,24.5,7.8,10.1,13.3,15.1,11.9,10.4,10.5,12.6,12.8,13.1,11.1,14.4,10.4,9.9,14.8,8.7,11.3,12.3
1964,11.9,21,8.7,11.3,13.1,15.2,13.1,10.9,11,11.4,12.5,11.1,9.4,14.1,10.9,10.1,12.6,7.7,11,11.9
1965,11,18.4,9.3,10.1,13.9,16,15,10.1,11.3,12.4,11.9,12.2,10.6,13.8,13.5,9.7,11.6,6.1,11.2,12
1966,11.5,19.8,8.1,9.7,14.4,15.1,13.3,10.1,9.9,10,12.6,12.2,10.1,14.2,11.6,10.3,13,6.6,11.7,11.8
1967,11.3,17,9.7,9.9,13.2,14.8,15.1,10.9,9.9,12.2,13.4,12.2,9.1,14.2,11.9,10,11.2,7.7,11.3,11.8
1968,11.8,20.1,7,9.4,14.2,14.9,13.1,11.3,11.6,12.4,12.1,12.5,11.6,14.6,11.4,10.4,11.1,7.5,11.4,12
1969,10.5,18.4,9.9,10.1,13.8,14.5,13.5,9.1,10.2,9.7,12.5,12.6,10,13.6,12.9,9.6,12.9,6.8,11.9,11.7
1970,11.1,19.5,9.4,9.7,13.8,15.8,14.4,11.1,10.3,12.7,13.1,12.6,11.8,13.8,13.1,9.6,12,7.8,12.2,12.3
1971,10.9,17.1,6.6,9.4,14.7,15.5,11.8,12.8,11.3,13.1,12,12.8,10.5,14.7,10.9,9.7,12.4,7.3,12,11.9
1972,9.4,17.1,8.7,9.5,13.5,15.1,15.4,11.9,9.3,14.1,11.8,13.2,11.1,14.2,12.2,10.3,12.7,6.2,11.6,12
1973,11.6,17,10.7,10.2,14,15.2,12,10.3,11.3,13.7,12,12.2,10.9,13.2,12.1,9.4,12.4,7.5,11.6,12
1974,10.6,21.9,9.2,10.2,14.8,14,14.3,10.5,13.7,12.2,11.6,12.7,10.5,14.4,12.8,9.4,14.1,7.9,12.6,12.5
1975,10.2,19.9,9.5,10.8,13.6,16,13.5,10.9,8.8,13.1,12.1,12.7,11.5,13.7,11.5,9.4,13.3,7.9,10.9,12.1
1976,11.8,18.4,9.5,9.6,13.7,14.4,15,11.5,10.7,10.5,12.2,12.1,10.8,15.2,12.6,9.4,12.9,6.9,12.3,12.1
1977,10.5,19.3,9.3,9.8,12.7,15,15.2,13,10.8,11.1,12.9,12.3,10,13.3,12.2,9.8,13.8,6.9,11.8,12.1
1978,11.1,20.1,8.9,10.6,14,15.6,13.7,11.8,9.7,8.4,13.1,13.4,8.9,14.5,11.2,11,12.5,7.9,13.1,12.1
1979,10.6,19.2,8.2,10,14.3,16.7,14.3,9.5,11,13,12.9,13.1,10.8,14.4,12,10.9,14.4,6.7,11.7,12.3
1980,11.3,17.4,8.4,10.2,13.4,13.8,12.4,9.5,10.7,12.3,12.6,13.6,12.5,14.1,12.5,9.9,13.3,6.8,11.5,11.9
1981,11.6,21.6,9.1,10.2,14.2,13.7,13.9,11.2,12.2,11.7,11.5,12.5,10.7,13.7,11.3,10.2,12.3,6.5,11.3,12.1
1982,11.8,18.2,10.1,10.6,14.6,15.1,13.8,11.2,9.7,13.8,13.3,12.8,11.5,14,12.6,9.7,13.5,7,12.6,12.4
1983,11.3,20.9,7.4,10.3,16,14.1,13.4,10.6,8.7,13.8,11.2,12.9,10.4,14.8,12.2,9.8,12.6,5.6,11.5,12
1984,10.3,22.7,7.1,10.6,13.3,13.9,13,9.4,11.8,12.8,11.9,11,10.8,14.6,11.5,9.3,13.9,7.5,12.4,12
1985,10.9,17.8,9,10.2,14.3,15.3,16.5,11.1,11.1,13.2,12.4,12.2,10.1,14.2,12.4,9.4,12.7,6.7,11.5,12.2
1986,12.2,20.8,9.5,9.7,14.2,14.7,14.4,10.3,9.6,12.2,11.8,11.9,10.7,14.6,11.3,9.9,13,6.6,11.8,12.1
1987,12.6,20.9,8.5,10.2,13.4,14.8,14.9,11.2,10.4,13,13.6,13.2,10.8,14.5,12.3,10.3,12.6,8.3,11.8,12.5
1988,10.9,22.2,8.4,9.5,14.2,15.6,14,12.1,12,13.4,11.9,12.2,10.9,14.7,12,10.5,11.3,6.6,11.5,12.3
1989,11.6,20.1,11.2,11.2,14.4,15.5,15.6,11.8,12.3,13,12.1,12.9,11.4,14.9,11.3,9.4,13.2,7.3,12.7,12.7
1990,11.1,22.1,9.2,10.5,14.2,14.8,14.5,11.4,12.4,12.3,12.6,12.7,10.3,15.1,11.6,10.3,13.7,7.2,11.4,12.5
1991,11.4,21,9,9.5,14.8,14.4,12.9,12.8,11.8,11.7,12.5,13,10.1,14.3,12.1,9.9,13.9,8.4,12.3,12.4
1992,11.6,19.5,8.3,11,13.2,16.1,13.6,9.4,11,12.6,11.5,11.6,10.1,15.3,11.5,10.6,13,6.4,11.1,12
1993,10.9,18.8,7.2,10.5,14.2,15.8,13.3,10.4,11.6,13,12.3,12.8,10.4,15.3,11.2,9.6,13.2,6.5,11.2,12
1994,11.7,20.1,10.2,11.5,14.4,15.2,14.8,9.8,10.8,13.8,12.5,14,9.2,13.8,12.7,10.2,13.5,7.7,11.8,12.5
1995,11,18.8,10.9,10.7,14.5,16.4,12.9,12,9.3,13.9,12.7,12.3,10.9,14.5,13,9.9,12.1,8.7,12.1,12.5
1996,12,19.3,8.8,9.8,14.4,15.2,14.6,11.8,12.2,11.2,13.3,14.2,11.3,15.4,11.2,10.1,15.8,7.4,11.7,12.6
1997,11.5,18.3,8.9,10.2,14.4,15.2,14.9,11.8,10.6,12.1,12.8,12.5,11,14,12.4,9.9,13.7,7.2,11.8,12.3
1998,11.3,19.3,8.8,10.9,15,15.4,13.7,10.7,12.1,12.7,12.2,13.4,9.3,14.6,11.7,10.6,13.6,6.9,13.6,12.4
1999,12.4,20,9.4,11,14.2,15.2,13.4,11.4,11,12.6,13,13.9,10.7,14.9,13.2,10.9,13.3,7.5,13.4,12.7
2000,11.7,21.4,9.7,11.1,14.8,14,14.8,13.7,10.3,13.8,12.4,12.7,10.8,15.1,13.1,10.6,14.8,7.4,13.1,12.9
2001,11.5,17.7,10.8,11.1,12.3,15.8,14.2,12.1,11.2,13.9,13.2,13.7,11.7,15.1,13.3,10.5,13.2,7.5,13.3,12.7
2002,11.8,20.4,10.5,10.9,16,15.7,13.3,10.8,11.4,12.7,12.5,13,12.2,15.2,13,9.8,13.7,7.2,13.9,12.8
2003,11.9,21.5,10.7,10.9,13.5,16.6,14.4,9.9,10.7,13.4,11.8,13.9,11.2,15.1,12.5,9.9,13.7,7.5,12.8,12.7
2004,11.3,19.8,9.4,11,15.5,14.6,16.5,10.5,10.8,13.8,12.5,12.1,11.1,14.7,12.9,11.1,15.2,8.6,12.7,12.8
2005,12.7,20.9,10.2,10.3,15.8,15.2,14.4,12.4,13.2,14.5,13,14,11.1,15.9,12.6,10.7,13.3,8.3,12.3,13.2
2006,11.7,20.8,8.2,10.7,15.3,15.1,15.7,12,9.7,15,11.9,13.6,12,15.8,12.5,10.2,14.3,7.4,14.8,13
2007,13,19.2,10,10.4,15.4,15.5,16.1,12.6,9.9,15.6,13.1,13.1,12.1,14.5,12.7,9.4,13.3,8.5,13.5,13
2008,11.8,22.6,9.3,10.5,14.2,16,14.6,10.4,9.8,14.4,13.5,13.6,10.6,16,12.1,10.3,14.4,8,13.5,12.9
2009,13.5,22.3,9.2,10.9,15.4,15.7,14.4,11.1,10.1,13.8,13,14.4,11,15.2,12,9.9,13.7,8.1,14.1,13
2010,13,20.1,11.5,12.1,16.2,15.6,14.8,13.4,10.9,15.2,12.8,14.8,10.6,14.5,11.3,9.6,15,7.6,13.7,13.3
2011,13,18.4,10.1,12.1,15.5,15.7,14.8,11.3,11.7,12.9,13.6,13.4,10.4,15,11.8,10.6,13.9,7.9,15.1,13
2012,12.4,21.3,7.5,11.5,14.1,14.7,15,12.9,12.2,12.9,13.9,13.9,11.6,15.2,12.2,10.3,13.6,8.3,14.1,13
2013,12.1,21.2,11.4,11.6,15.8,15.4,12.5,11.3,11.9,14.1,12.7,14.6,10.7,15.4,12.3,11.2,12.9,8,14.6,13.1
2014,11.3,20.2,12.2,11.1,14.9,17.2,15.6,11.2,10.7,15,12.4,14.1,10.4,15.8,13.3,11.3,14.3,10.1,14.2,13.4
